,",Player,MP,FG,FGA,FG%,3P,3PA,3P%,FT,FTA,FT%,ORB,DRB,TRB,AST,STL,BLK,TOV,PF,PTS,+/-,Date,TS%,eFG%,3PAr,FTr,ORB%,DRB%,TRB%,AST%,STL%,BLK%,TOV%,USG%,ORtg,DRtg,BPM"
0,"0,Ben Simmons,42:43,12,22,.545,0,0,,2,3,.667,4,8,12,10,1,0,3,3,26,+9,2/11/2020,,,,,,,,,,,,,,,"
1,"1,Tobias Harris,36:57,8,19,.421,1,6,.167,0,0,,1,11,12,5,0,0,0,0,17,+18,2/11/2020,,,,,,,,,,,,,,,"
2,"2,Josh Richardson,31:32,8,15,.533,3,5,.600,2,3,.667,1,4,5,1,0,2,1,0,21,+24,2/11/2020,,,,,,,,,,,,,,,"
3,"3,Joel Embiid,28:10,8,17,.471,2,5,.400,8,13,.615,2,7,9,2,0,1,1,4,26,+1,2/11/2020,,,,,,,,,,,,,,,"
4,"4,Furkan Korkmaz,23:24,0,5,.000,0,4,.000,0,0,,0,1,1,0,1,0,0,0,0,-9,2/11/2020,,,,,,,,,,,,,,,"
5,"5,Al Horford,27:56,3,4,.750,1,2,.500,2,2,1.000,2,4,6,3,0,2,0,1,9,+10,2/11/2020,,,,,,,,,,,,,,,"
6,"6,Matisse Thybulle,16:06,1,1,1.000,1,1,1.000,0,0,,1,3,4,1,1,1,0,1,3,-4,2/11/2020,,,,,,,,,,,,,,,"
7,"7,Alec Burks,14:20,1,4,.250,0,2,.000,0,0,,0,0,0,2,0,0,0,1,2,-1,2/11/2020,,,,,,,,,,,,,,,"
8,"8,Glenn Robinson,12:19,3,6,.500,0,1,.000,0,0,,0,1,1,1,0,1,1,1,6,0,2/11/2020,,,,,,,,,,,,,,,"
9,"9,Mike Scott,5:09,0,2,.000,0,1,.000,0,0,,0,0,0,0,0,0,0,0,0,-7,2/11/2020,,,,,,,,,,,,,,,"
10,"10,Norvel Pelle,0:42,0,0,,0,0,,0,0,,0,0,0,0,0,0,0,0,0,-3,2/11/2020,,,,,,,,,,,,,,,"
11,"11,Shake Milton,0:42,0,0,,0,0,,0,0,,0,0,0,0,0,0,0,0,0,-3,2/11/2020,,,,,,,,,,,,,,,"
12,"12,Raul Neto,240,44,95,.463,8,27,.296,14,21,.667,11,39,50,25,3,7,6,11,110,,2/11/2020,,,,,,,,,,,,,,,"
13,"13,Team Totals,2/11/2020,,,,,,,,,,,,,,,,,,,,,,,,,,,,,,,,,,,"
14,"0,Ben Simmons,42:43,,,,,,,,,,,,,,,,,,,,,.557,.545,.000,.136,9.4,20.4,14.7,36.8,1.2,0.0,11.4,26.8,118,107,5.9"
15,"1,Tobias Harris,36:57,,,,,,,,,,,,,,,,,,,,,.447,.447,.316,.000,2.7,32.5,16.9,19.3,0.0,0.0,0.0,22.4,105,108,1.4"
16,"2,Josh Richardson,31:32,,,,,,,,,,,,,,,,,,,,,.643,.633,.333,.200,3.2,13.8,8.3,4.8,0.0,5.2,5.8,23.9,123,105,7.3"
17,"3,Joel Embiid,28:10,,,,,,,,,,,,,,,,,,,,,.572,.529,.294,.765,7.1,27.1,16.7,11.2,0.0,2.9,4.2,36.7,119,105,7.6"
18,"4,Furkan Korkmaz,23:24,,,,,,,,,,,,,,,,,,,,,.000,.000,.800,.000,0.0,4.7,2.2,0.0,2.1,0.0,0.0,9.3,0,107,-13.2"
19,"5,Al Horford,27:56,,,,,,,,,,,,,,,,,,,,,.922,.875,.500,.500,7.2,15.6,11.2,13.3,0.0,5.8,0.0,7.6,196,104,9.0"
20,"6,Matisse Thybulle,16:06,,,,,,,,,,,,,,,,,,,,,1.500,1.500,1.000,.000,6.2,20.3,13.0,7.3,3.1,5.1,0.0,2.7,256,97,10.6"
21,"7,Alec Burks,14:20,,,,,,,,,,,,,,,,,,,,,.250,.250,.500,.000,0.0,0.0,0.0,16.5,0.0,0.0,0.0,12.2,77,112,-9.7"
22,"8,Glenn Robinson,12:19,,,,,,,,,,,,,,,,,,,,,.500,.500,.167,.000,0.0,8.9,4.2,12.1,0.0,6.6,14.3,24.7,89,104,-2.8"
23,"9,Mike Scott,5:09,,,,,,,,,,,,,,,,,,,,,.000,.000,.500,.000,0.0,0.0,0.0,0.0,0.0,0.0,0.0,16.9,0,112,-22.2"
24,"10,Norvel Pelle,0:42,,,,,,,,,,,,,,,,,,,,,,,,,0.0,0.0,0.0,0.0,0.0,0.0,,0.0,0,112,-6.5"
25,"11,Shake Milton,0:42,,,,,,,,,,,,,,,,,,,,,,,,,0.0,0.0,0.0,0.0,0.0,0.0,,0.0,0,112,-10.0"
26,"12,Raul Neto,240,,,,,,,,,,,,,,,,,,,,,.528,.505,.284,.221,22.9,88.6,54.3,56.8,3.1,11.9,5.4,100.0,112.8,105.6,"
27,"13,Team Totals,,,,,,,,,,,,,,,,,,,,,,,,,,,,,,,,,,,,"
28,"0,Josh Richardson,29:43,2,6,.333,1,2,.500,3,4,.750,0,1,1,1,0,2,0,2,8,+11,3/11/2020,,,,,,,,,,,,,,,"
29,"1,Tobias Harris,29:27,5,14,.357,1,7,.143,4,4,1.000,1,6,7,5,0,0,0,2,15,+4,3/11/2020,,,,,,,,,,,,,,,"
30,"2,Al Horford,29:15,8,11,.727,4,6,.667,0,0,,2,8,10,6,0,2,2,1,20,+4,3/11/2020,,,,,,,,,,,,,,,"
31,"3,Shake Milton,27:31,5,11,.455,1,4,.250,1,2,.500,0,0,0,4,1,0,2,3,12,+1,3/11/2020,,,,,,,,,,,,,,,"
32,"4,Joel Embiid,26:41,9,17,.529,2,3,.667,10,12,.833,5,9,14,3,1,0,4,3,30,+10,3/11/2020,,,,,,,,,,,,,,,"
33,"5,Furkan Korkmaz,20:57,5,7,.714,3,4,.750,4,5,.800,0,4,4,2,0,0,1,2,17,+15,3/11/2020,,,,,,,,,,,,,,,"
34,"6,Alec Burks,20:29,1,5,.200,1,3,.333,4,4,1.000,1,3,4,3,2,0,3,1,7,+17,3/11/2020,,,,,,,,,,,,,,,"
35,"7,Mike Scott,18:33,2,4,.500,0,1,.000,0,1,.000,3,2,5,3,0,0,0,2,4,+14,3/11/2020,,,,,,,,,,,,,,,"
36,"8,Matisse Thybulle,17:54,4,5,.800,1,2,.500,0,0,,0,0,0,1,3,0,1,0,9,+9,3/11/2020,,,,,,,,,,,,,,,"
37,"9,Glenn Robinson,16:30,1,3,.333,0,1,.000,0,0,,1,2,3,0,0,0,0,1,2,+4,3/11/2020,,,,,,,,,,,,,,,"
38,"10,Kyle O'Quinn,3:00,0,0,,0,0,,0,0,,0,2,2,0,0,0,0,1,0,+1,3/11/2020,,,,,,,,,,,,,,,"
39,"11,Norvel Pelle,240,42,83,.506,14,33,.424,26,32,.813,13,37,50,28,7,4,13,18,124,,3/11/2020,,,,,,,,,,,,,,,"
40,"12,Raul Neto,3/11/2020,Team Totals,3/11/2020,,,,,,,,,,,,,,,,,,,,,,,,,,,,,,,,,"
41,"0,Josh Richardson,29:43,,,,,,,,,,,,,,,,,,,,,.515,.417,.333,.667,0.0,3.8,2.0,4.2,0.0,6.6,0.0,11.4,124,113,-4.9"
42,"1,Tobias Harris,29:27,,,,,,,,,,,,,,,,,,,,,.476,.393,.500,.286,4.2,22.7,13.9,24.1,0.0,0.0,0.0,23.3,128,116,-2.9"
43,"2,Al Horford,29:15,,,,,,,,,,,,,,,,,,,,,.909,.909,.545,.000,8.4,30.5,20.0,34.1,0.0,6.7,15.4,19.4,160,109,17.4"
44,"3,Shake Milton,27:31,,,,,,,,,,,,,,,,,,,,,.505,.500,.364,.182,0.0,0.0,0.0,21.0,1.8,0.0,14.4,22.0,104,115,-8.0"
45,"4,Joel Embiid,26:41,,,,,,,,,,,,,,,,,,,,,.673,.588,.176,.706,23.1,37.7,30.7,20.9,1.9,0.0,15.2,42.9,130,109,7.1"
46,"5,Furkan Korkmaz,20:57,,,,,,,,,,,,,,,,,,,,,.924,.929,.571,.714,0.0,21.3,11.2,15.0,0.0,0.0,9.8,21.2,166,116,9.4"
47,"6,Alec Burks,20:29,,,,,,,,,,,,,,,,,,,,,.518,.300,.600,.800,6.0,16.3,11.4,17.7,4.9,0.0,30.7,20.8,98,106,-3.5"
48,"7,Mike Scott,18:33,,,,,,,,,,,,,,,,,,,,,.450,.500,.250,.250,19.9,12.0,15.8,21.1,0.0,0.0,0.0,10.4,145,117,-1.4"
49,"8,Matisse Thybulle,17:54,,,,,,,,,,,,,,,,,,,,,.900,.900,.400,.000,0.0,0.0,0.0,8.6,8.5,0.0,16.7,14.6,139,101,11.3"
50,"9,Glenn Robinson,16:30,,,,,,,,,,,,,,,,,,,,,.333,.333,.333,.000,7.5,13.5,10.6,0.0,0.0,0.0,0.0,7.9,98,117,-10.7"
51,"10,Kyle O'Quinn,3:00,,,,,,,,,,,,,,,,,,,,,,,,,0.0,74.4,39.0,0.0,0.0,0.0,,0.0,0,106,-9.4"
52,"11,Norvel Pelle,240,,,,,,,,,,,,,,,,,,,,,.639,.590,.398,.386,33.3,86.0,61.0,66.7,7.4,8.2,11.8,100.0,130.9,111.9,"
53,"12,Raul Neto,Team Totals,,,,,,,,,,,,,,,,,,,,,,,,,,,,,,,,,,,"
54,"0,Kyle O'Quinn,32:23,4,6,.667,0,0,,1,1,1.000,1,9,10,11,2,1,1,0,9,-12,8/11/2020,,,,,,,,,,,,,,,"
55,"1,Shake Milton,30:35,4,12,.333,0,2,.000,0,0,,1,1,2,7,0,0,0,3,8,-7,8/11/2020,,,,,,,,,,,,,,,"
56,"2,Matisse Thybulle,28:53,3,4,.750,1,2,.500,0,0,,1,1,2,0,0,1,0,5,7,-9,8/11/2020,,,,,,,,,,,,,,,"
57,"3,Alec Burks,27:42,9,17,.529,2,5,.400,3,4,.750,0,2,2,4,1,0,0,1,23,-2,8/11/2020,,,,,,,,,,,,,,,"
58,"4,Mike Scott,22:07,7,12,.583,3,4,.750,0,0,,2,2,4,1,1,0,1,1,17,+3,8/11/2020,,,,,,,,,,,,,,,"
59,"5,Furkan Korkmaz,31:30,3,11,.273,3,7,.429,3,4,.750,0,0,0,0,1,0,1,2,12,-16,8/11/2020,,,,,,,,,,,,,,,"
60,"6,Glenn Robinson,25:25,5,9,.556,3,6,.500,2,3,.667,3,4,7,0,0,0,1,2,15,-7,8/11/2020,,,,,,,,,,,,,,,"
61,"7,Raul Neto,25:14,9,18,.500,3,7,.429,1,2,.500,0,2,2,4,0,0,2,1,22,-11,8/11/2020,,,,,,,,,,,,,,,"
62,"8,Norvel Pelle,16:11,2,4,.500,0,0,,0,0,,3,2,5,1,0,2,2,5,4,-4,8/11/2020,,,,,,,,,,,,,,,"
63,"9,Al Horford,240,46,93,.495,15,33,.455,10,14,.714,11,23,34,28,5,4,8,20,117,,8/11/2020,,,,,,,,,,,,,,,"
64,"10,Tobias Harris,8/11/2020,Marial Shayok,8/11/2020,Team Totals,8/11/2020,,,,,,,,,,,,,,,,,,,,,,,,,,,,,,,"
65,"0,Kyle O'Quinn,32:23,,,,,,,,,,,,,,,,,,,,,.699,.667,.000,.167,3.4,39.2,19.0,40.7,3.2,2.4,13.4,10.3,161,130,15.7"
66,"1,Shake Milton,30:35,,,,,,,,,,,,,,,,,,,,,.333,.333,.167,.000,3.6,4.6,4.0,27.7,0.0,0.0,0.0,17.6,106,147,-10.2"
67,"2,Matisse Thybulle,28:53,,,,,,,,,,,,,,,,,,,,,.875,.875,.500,.000,3.8,4.9,4.3,0.0,0.0,2.7,0.0,6.2,176,145,-5.7"
68,"3,Alec Burks,27:42,,,,,,,,,,,,,,,,,,,,,.613,.588,.294,.235,0.0,10.2,4.4,22.8,1.9,0.0,0.0,30.3,134,142,5.0"
69,"4,Mike Scott,22:07,,,,,,,,,,,,,,,,,,,,,.708,.708,.333,.000,9.9,12.8,11.1,7.0,2.4,0.0,7.7,26.3,132,140,5.3"
70,"5,Furkan Korkmaz,31:30,,,,,,,,,,,,,,,,,,,,,.470,.409,.636,.364,0.0,0.0,0.0,0.0,1.7,0.0,7.3,19.6,92,145,-11.5"
71,"6,Glenn Robinson,25:25,,,,,,,,,,,,,,,,,,,,,.727,.722,.667,.333,12.9,22.2,16.9,0.0,0.0,0.0,8.8,19.9,138,143,-0.5"
72,"7,Raul Neto,25:14,,,,,,,,,,,,,,,,,,,,,.583,.583,.389,.111,0.0,11.2,4.9,26.3,0.0,0.0,9.6,37.1,112,146,-2.2"
73,"8,Norvel Pelle,16:11,,,,,,,,,,,,,,,,,,,,,.500,.500,.000,.000,20.2,17.4,19.0,7.4,0.0,9.7,33.3,16.6,97,137,-12.0"
74,"9,Al Horford,240,,,,,,,,,,,,,,,,,,,,,.590,.575,.355,.151,25.0,67.6,43.6,60.9,5.4,6.6,7.5,100.0,126.8,140.9,"
75,"10,Tobias Harris,Marial Shayok,,,,,,,,,,,,,,,,,,,,,Team Totals,,,,,,,,,,,,,,"
76,"0,Danny Green,49:49,10,25,.400,9,21,.429,0,0,,6,4,10,6,2,2,6,0,29,+7,1/12/2021,,,,,,,,,,,,,,,"
77,"1,Mike Scott,46:13,6,16,.375,4,12,.333,0,0,,1,2,3,1,0,0,0,1,16,+3,1/12/2021,,,,,,,,,,,,,,,"
78,"2,Joel Embiid,39:20,16,23,.696,0,3,.000,13,13,1.000,2,14,16,4,5,1,4,2,45,+4,1/12/2021,,,,,,,,,,,,,,,"
79,"3,Tyrese Maxey,36:14,7,18,.389,1,6,.167,1,3,.333,1,2,3,8,1,0,1,6,16,-14,1/12/2021,,,,,,,,,,,,,,,"
80,"4,Ben Simmons,31:51,2,2,1.000,0,0,,1,2,.500,1,5,6,12,2,0,6,6,5,+2,1/12/2021,,,,,,,,,,,,,,,"
81,"5,Isaiah Joe,37:07,4,10,.400,4,10,.400,1,1,1.000,1,4,5,1,0,2,0,3,13,+6,1/12/2021,,,,,,,,,,,,,,,"
82,"6,Dwight Howard,13:40,4,4,1.000,0,0,,2,4,.500,4,4,8,0,0,1,0,2,10,-1,1/12/2021,,,,,,,,,,,,,,,"
83,"7,Dakota Mathias,10:46,1,4,.250,1,3,.333,0,2,.000,0,1,1,0,0,0,0,1,3,+8,1/12/2021,,,,,,,,,,,,,,,"
84,"8,Paul Reed,265,50,102,.490,19,55,.345,18,25,.720,16,36,52,32,10,6,17,21,137,,1/12/2021,,,,,,,,,,,,,,,"
85,"9,Furkan Korkmaz,1/12/2021,Terrance Ferguson,1/12/2021,Tony Bradley,1/12/2021,Team Totals,1/12/2021,,,,,,,,,,,,,,,,,,,,,,,,,,,,,"
86,"0,Danny Green,49:49,,,,,,,,,,,,,,,,,,,,,.580,.580,.840,.000,13.3,8.5,10.9,16.2,1.9,4.4,19.4,25.4,112,120,1.8"
87,"1,Mike Scott,46:13,,,,,,,,,,,,,,,,,,,,,.500,.500,.750,.000,2.4,4.6,3.5,2.7,0.0,0.0,0.0,14.1,116,127,-7.3"
88,"2,Joel Embiid,39:20,,,,,,,,,,,,,,,,,,,,,.783,.696,.130,.565,5.6,37.7,22.0,19.0,6.0,2.8,12.2,33.9,147,102,16.6"
89,"3,Tyrese Maxey,36:14,,,,,,,,,,,,,,,,,,,,,.414,.417,.333,.167,3.0,5.9,4.5,29.4,1.3,0.0,4.9,22.9,111,124,-8.6"
90,"4,Ben Simmons,31:51,,,,,,,,,,,,,,,,,,,,,.868,1.000,.000,1.000,3.5,16.6,10.2,42.8,3.0,0.0,67.6,11.4,104,116,-2.6"
91,"5,Isaiah Joe,37:07,,,,,,,,,,,,,,,,,,,,,.623,.600,1.000,.100,3.0,11.4,7.3,3.2,0.0,5.9,0.0,11.5,142,122,-2.1"
92,"6,Dwight Howard,13:40,,,,,,,,,,,,,,,,,,,,,.868,1.000,.000,1.000,32.3,31.0,31.7,0.0,0.0,8.1,0.0,17.2,183,115,6.6"
93,"7,Dakota Mathias,10:46,,,,,,,,,,,,,,,,,,,,,.307,.375,.750,.500,0.0,9.8,5.0,0.0,0.0,0.0,0.0,18.5,68,126,-17.5"
94,"8,Paul Reed,265,,,,,,,,,,,,,,,,,,,,,.606,.583,.539,.245,33.3,72.0,53.1,64.0,8.9,12.5,13.1,100.0,121.6,119.0,"
95,"9,Furkan Korkmaz,Terrance Ferguson,,,,,,,,,,,,,,,,,,,,,Tony Bradley,Team Totals,,,,,,,,,,,,,"
96,"0,Tobias Harris,24:46,8,13,.615,1,4,.250,5,8,.625,1,5,6,5,0,2,0,1,22,+10,8/12/2020,,,,,,,,,,,,,,,"
97,"1,Josh Richardson,24:11,3,8,.375,1,3,.333,3,3,1.000,1,4,5,0,2,1,4,3,10,+8,8/12/2020,,,,,,,,,,,,,,,"
98,"2,Shake Milton,22:11,2,9,.222,2,6,.333,2,2,1.000,1,3,4,5,0,0,1,3,8,-1,8/12/2020,,,,,,,,,,,,,,,"
99,"3,Al Horford,18:25,3,6,.500,2,5,.400,1,2,.500,1,3,4,5,0,1,1,2,9,+4,8/12/2020,,,,,,,,,,,,,,,"
100,"4,Joel Embiid,13:35,1,4,.250,0,0,,3,4,.750,1,8,9,0,1,1,5,2,5,+6,8/12/2020,,,,,,,,,,,,,,,"
101,"5,Matisse Thybulle,29:41,4,7,.571,2,4,.500,0,0,,0,3,3,1,2,0,1,2,10,-13,8/12/2020,,,,,,,,,,,,,,,"
102,"6,Furkan Korkmaz,29:17,5,10,.500,5,9,.556,6,6,1.000,1,4,5,4,2,0,2,1,21,-5,8/12/2020,,,,,,,,,,,,,,,"
103,"7,Raul Neto,26:57,6,15,.400,2,6,.333,3,3,1.000,0,1,1,5,1,1,1,1,17,-4,8/12/2020,,,,,,,,,,,,,,,"
104,"8,Mike Scott,21:33,4,5,.800,2,3,.667,2,3,.667,2,3,5,2,0,0,0,5,12,-11,8/12/2020,,,,,,,,,,,,,,,"
105,"9,Norvel Pelle,19:47,2,4,.500,0,0,,0,0,,1,2,3,0,1,3,1,6,4,-7,8/12/2020,,,,,,,,,,,,,,,"
106,"10,Marial Shayok,9:37,1,3,.333,0,0,,1,2,.500,0,2,2,0,0,1,1,3,3,-7,8/12/2020,,,,,,,,,,,,,,,"
107,"11,Kyle O'Quinn,240,39,84,.464,17,40,.425,26,33,.788,9,38,47,27,9,10,17,29,121,,8/12/2020,,,,,,,,,,,,,,,"
108,"12,Glenn Robinson,8/12/2020,Team Totals,8/12/2020,,,,,,,,,,,,,,,,,,,,,,,,,,,,,,,,,"
109,"0,Tobias Harris,24:46,,,,,,,,,,,,,,,,,,,,,.666,.654,.308,.615,4.3,19.8,12.4,41.2,0.0,8.2,0.0,27.7,147,119,12.4"
110,"1,Josh Richardson,24:11,,,,,,,,,,,,,,,,,,,,,.536,.438,.375,.375,4.4,16.2,10.6,0.0,3.8,4.2,30.0,22.9,77,114,-8.6"
111,"2,Shake Milton,22:11,,,,,,,,,,,,,,,,,,,,,.405,.333,.667,.222,4.8,13.2,9.2,31.2,0.0,0.0,9.2,20.4,104,125,-7.0"
112,"3,Al Horford,18:25,,,,,,,,,,,,,,,,,,,,,.654,.667,.833,.333,5.8,16.0,11.1,41.8,0.0,5.5,12.7,17.8,137,122,7.6"
113,"4,Joel Embiid,13:35,,,,,,,,,,,,,,,,,,,,,.434,.250,.000,1.000,7.9,57.7,33.8,0.0,3.4,7.5,46.5,32.9,53,101,-19.8"
114,"5,Matisse Thybulle,29:41,,,,,,,,,,,,,,,,,,,,,.714,.714,.571,.000,0.0,9.9,5.2,5.0,3.1,0.0,12.5,11.2,117,120,-0.7"
115,"6,Furkan Korkmaz,29:17,,,,,,,,,,,,,,,,,,,,,.831,.750,.900,.600,3.6,13.4,8.7,21.3,3.1,0.0,13.7,20.8,148,119,11.1"
116,"7,Raul Neto,26:57,,,,,,,,,,,,,,,,,,,,,.521,.467,.400,.200,0.0,3.6,1.9,31.5,1.7,3.8,5.8,26.7,113,123,-0.2"
117,"8,Mike Scott,21:33,,,,,,,,,,,,,,,,,,,,,.949,1.000,.600,.600,9.9,13.6,11.8,14.8,0.0,0.0,0.0,12.2,194,125,5.3"
118,"9,Norvel Pelle,19:47,,,,,,,,,,,,,,,,,,,,,.500,.500,.000,.000,5.4,9.9,7.7,0.0,2.3,15.5,20.0,10.5,86,111,-7.0"
119,"10,Marial Shayok,9:37,,,,,,,,,,,,,,,,,,,,,.387,.333,.000,.667,0.0,20.4,10.6,0.0,0.0,10.6,20.5,21.1,62,116,-16.3"
120,"11,Kyle O'Quinn,240,,,,,,,,,,,,,,,,,,,,,.614,.565,.476,.393,20.0,77.6,50.0,69.2,8.5,21.3,14.7,100.0,114.9,118.7,"
121,"12,Glenn Robinson,Team Totals,,,,,,,,,,,,,,,,,,,,,,,,,,,,,,,,,,,"
122,"0,Ben Simmons,34:26,4,8,.500,0,1,.000,2,2,1.000,2,8,10,12,3,0,5,4,10,+10,1/14/2021,,,,,,,,,,,,,,,"
123,"1,Tobias Harris,29:48,7,13,.538,2,4,.500,2,2,1.000,0,4,4,2,1,0,0,2,18,+4,1/14/2021,,,,,,,,,,,,,,,"
124,"2,Tyrese Maxey,25:40,6,10,.600,1,3,.333,2,2,1.000,1,0,1,1,1,0,2,2,15,-2,1/14/2021,,,,,,,,,,,,,,,"
125,"3,Danny Green,25:28,4,8,.500,4,7,.571,0,0,,1,5,6,3,1,0,1,1,12,+10,1/14/2021,,,,,,,,,,,,,,,"
126,"4,Joel Embiid,23:36,3,8,.375,1,2,.500,2,4,.500,0,5,5,1,1,0,3,1,9,+4,1/14/2021,,,,,,,,,,,,,,,"
127,"5,Shake Milton,27:21,11,15,.733,3,4,.750,6,6,1.000,0,2,2,7,2,1,1,2,31,+24,1/14/2021,,,,,,,,,,,,,,,"
128,"6,Dwight Howard,22:02,2,2,1.000,0,0,,4,4,1.000,1,3,4,0,1,0,2,4,8,+16,1/14/2021,,,,,,,,,,,,,,,"
129,"7,Isaiah Joe,19:22,4,8,.500,4,8,.500,0,0,,0,0,0,0,0,1,0,1,12,+16,1/14/2021,,,,,,,,,,,,,,,"
130,"8,Matisse Thybulle,17:15,2,7,.286,2,6,.333,2,4,.500,0,1,1,0,4,1,2,3,8,+10,1/14/2021,,,,,,,,,,,,,,,"
131,"9,Mike Scott,5:10,0,0,,0,0,,0,0,,0,2,2,0,0,0,0,1,0,+9,1/14/2021,,,,,,,,,,,,,,,"
132,"10,Dakota Mathias,2:34,0,1,.000,0,1,.000,0,0,,0,0,0,1,0,0,0,0,0,-5,1/14/2021,,,,,,,,,,,,,,,"
133,"11,Terrance Ferguson,2:34,0,0,,0,0,,0,0,,0,0,0,0,0,0,1,0,0,-5,1/14/2021,,,,,,,,,,,,,,,"
134,"12,Paul Reed,2:22,1,2,.500,0,1,.000,0,0,,0,0,0,0,0,0,1,1,2,-3,1/14/2021,,,,,,,,,,,,,,,"
135,"13,Tony Bradley,2:22,0,0,,0,0,,0,0,,0,0,0,0,1,0,0,0,0,-3,1/14/2021,,,,,,,,,,,,,,,"
136,"14,Team Totals,240,44,82,.537,17,37,.459,20,24,.833,5,30,35,27,15,3,18,22,125,,1/14/2021,,,,,,,,,,,,,,,"
137,"0,Ben Simmons,34:26,,,,,,,,,,,,,,,,,,,,,.563,.500,.125,.250,7.5,28.6,18.3,43.5,4.1,0.0,36.0,17.5,116,101,2.9"
138,"1,Tobias Harris,29:48,,,,,,,,,,,,,,,,,,,,,.648,.615,.308,.154,0.0,16.5,8.5,9.8,1.6,0.0,0.0,20.2,132,109,1.0"
139,"2,Tyrese Maxey,25:40,,,,,,,,,,,,,,,,,,,,,.689,.650,.300,.200,5.1,0.0,2.5,5.7,1.8,0.0,15.5,21.8,117,112,-3.4"
140,"3,Danny Green,25:28,,,,,,,,,,,,,,,,,,,,,.750,.750,.875,.000,5.1,24.2,14.9,15.5,1.8,0.0,11.1,15.3,138,107,6.2"
141,"4,Joel Embiid,23:36,,,,,,,,,,,,,,,,,,,,,.461,.438,.250,.500,0.0,26.1,13.4,5.4,2.0,0.0,23.5,23.5,73,107,-11.5"
142,"5,Shake Milton,27:21,,,,,,,,,,,,,,,,,,,,,.879,.833,.267,.400,0.0,9.0,4.6,49.7,3.4,3.7,5.4,29.6,173,104,22.1"
143,"6,Dwight Howard,22:02,,,,,,,,,,,,,,,,,,,,,1.064,1.000,.000,2.000,5.9,16.8,11.5,0.0,2.1,0.0,34.7,11.3,141,107,-4.0"
144,"7,Isaiah Joe,19:22,,,,,,,,,,,,,,,,,,,,,.750,.750,1.000,.000,0.0,0.0,0.0,0.0,0.0,5.3,0.0,17.9,134,113,4.1"
145,"8,Matisse Thybulle,17:15,,,,,,,,,,,,,,,,,,,,,.457,.429,.857,.571,0.0,7.1,3.7,0.0,10.8,5.9,18.6,27.1,72,86,-1.1"
146,"9,Mike Scott,5:10,,,,,,,,,,,,,,,,,,,,,,,,,0.0,47.6,24.4,0.0,0.0,0.0,,0.0,0,106,-5.4"
147,"10,Terrance Ferguson,2:34,,,,,,,,,,,,,,,,,,,,,,,,,0.0,0.0,0.0,0.0,0.0,0.0,100.0,16.9,0,117,-23.1"
148,"11,Dakota Mathias,2:34,,,,,,,,,,,,,,,,,,,,,.000,.000,1.000,.000,0.0,0.0,0.0,42.5,0.0,0.0,0.0,16.9,64,117,-12.4"
149,"12,Tony Bradley,2:22,,,,,,,,,,,,,,,,,,,,,,,,,0.0,0.0,0.0,0.0,19.8,0.0,,0.0,0,72,14.0"
150,"13,Paul Reed,2:22,,,,,,,,,,,,,,,,,,,,,.500,.500,.500,.000,0.0,0.0,0.0,0.0,0.0,0.0,33.3,55.0,56,114,-39.6"
151,"14,Team Totals,240,,,,,,,,,,,,,,,,,,,,,.675,.640,.451,.293,13.5,76.9,46.1,61.4,14.6,6.4,16.3,100.0,121.7,105.2,"
152,"0,Ben Simmons,41:07,9,13,.692,0,0,,2,7,.286,2,4,6,11,1,1,4,5,20,+8,1/15/2020,,,,,,,,,,,,,,,"
153,"1,Josh Richardson,36:41,5,12,.417,1,4,.250,4,4,1.000,1,4,5,2,1,3,2,2,15,+7,1/15/2020,,,,,,,,,,,,,,,"
154,"2,Tobias Harris,35:22,14,20,.700,4,6,.667,2,3,.667,1,9,10,3,1,0,0,1,34,+6,1/15/2020,,,,,,,,,,,,,,,"
155,"3,Al Horford,32:40,4,14,.286,2,9,.222,4,4,1.000,2,6,8,6,2,1,1,2,14,+15,1/15/2020,,,,,,,,,,,,,,,"
156,"4,Matisse Thybulle,26:56,2,4,.500,1,3,.333,0,0,,0,3,3,1,2,4,0,5,5,+10,1/15/2020,,,,,,,,,,,,,,,"
157,"5,Furkan Korkmaz,20:51,5,13,.385,3,6,.500,2,5,.400,2,0,2,0,0,0,2,0,15,+5,1/15/2020,,,,,,,,,,,,,,,"
158,"6,James Ennis,15:28,3,5,.600,0,1,.000,0,0,,2,3,5,0,0,0,1,4,6,+4,1/15/2020,,,,,,,,,,,,,,,"
159,"7,Norvel Pelle,12:39,2,2,1.000,0,0,,0,0,,1,6,7,0,0,2,2,2,4,-4,1/15/2020,,,,,,,,,,,,,,,"
160,"8,Mike Scott,11:23,0,1,.000,0,0,,0,0,,2,1,3,0,0,0,0,1,0,+1,1/15/2020,,,,,,,,,,,,,,,"
161,"9,Raul Neto,6:53,1,4,.250,0,1,.000,2,2,1.000,0,0,0,2,0,0,0,1,4,+3,1/15/2020,,,,,,,,,,,,,,,"
162,"10,Shake Milton,240,45,88,.511,11,30,.367,16,25,.640,13,36,49,25,7,11,12,23,117,,1/15/2020,,,,,,,,,,,,,,,"
163,"11,Kyle O'Quinn,1/15/2020,Trey Burke,1/15/2020,Team Totals,1/15/2020,,,,,,,,,,,,,,,,,,,,,,,,,,,,,,,"
164,"0,Ben Simmons,41:07,,,,,,,,,,,,,,,,,,,,,.622,.692,.000,.538,5.1,9.9,7.5,37.2,1.2,1.9,19.9,21.1,120,111,1.9"
165,"1,Josh Richardson,36:41,,,,,,,,,,,,,,,,,,,,,.545,.458,.333,.333,2.8,11.1,7.0,6.8,1.3,6.3,12.7,18.6,109,107,-0.6"
166,"2,Tobias Harris,35:22,,,,,,,,,,,,,,,,,,,,,.797,.800,.300,.150,3.0,26.0,14.6,15.7,1.4,0.0,0.0,26.1,164,108,16.3"
167,"3,Al Horford,32:40,,,,,,,,,,,,,,,,,,,,,.444,.357,.643,.286,6.4,18.8,12.6,22.5,3.0,2.4,6.0,22.2,114,104,3.2"
168,"4,Matisse Thybulle,26:56,,,,,,,,,,,,,,,,,,,,,.625,.625,.750,.000,0.0,11.4,5.7,4.3,3.6,11.5,0.0,6.4,137,97,6.3"
169,"5,Furkan Korkmaz,20:51,,,,,,,,,,,,,,,,,,,,,.493,.500,.462,.385,10.0,0.0,5.0,0.0,0.0,0.0,11.6,35.7,94,119,-8.4"
170,"6,James Ennis,15:28,,,,,,,,,,,,,,,,,,,,,.600,.600,.200,.000,13.5,19.8,16.7,0.0,0.0,0.0,16.7,16.8,112,111,-9.2"
171,"7,Norvel Pelle,12:39,,,,,,,,,,,,,,,,,,,,,1.000,1.000,.000,.000,8.2,48.4,28.6,0.0,0.0,12.2,50.0,13.7,90,94,-0.4"
172,"8,Mike Scott,11:23,,,,,,,,,,,,,,,,,,,,,.000,.000,.000,.000,18.3,9.0,13.6,0.0,0.0,0.0,0.0,3.8,108,115,-9.1"
173,"9,Raul Neto,6:53,,,,,,,,,,,,,,,,,,,,,.410,.250,.250,.500,0.0,0.0,0.0,36.7,0.0,0.0,0.0,30.7,113,117,-6.9"
174,"10,Shake Milton,240,,,,,,,,,,,,,,,,,,,,,.591,.574,.341,.284,28.3,76.6,52.7,55.6,7.1,17.7,10.8,100.0,118.9,107.8,"
175,"11,Kyle O'Quinn,Trey Burke,,,,,,,,,,,,,,,,,,,,,Team Totals,,,,,,,,,,,,,,"
176,"0,Ben Simmons,37:09,10,17,.588,0,0,,0,0,,3,8,11,7,1,0,2,2,20,+17,1/17/2020,,,,,,,,,,,,,,,"
177,"1,Tobias Harris,36:10,5,12,.417,0,3,.000,3,3,1.000,0,3,3,4,2,0,1,1,13,+19,1/17/2020,,,,,,,,,,,,,,,"
178,"2,Matisse Thybulle,36:10,2,7,.286,1,5,.200,2,2,1.000,2,2,4,2,2,3,1,2,7,+19,1/17/2020,,,,,,,,,,,,,,,"
179,"3,Al Horford,32:20,8,14,.571,2,6,.333,2,2,1.000,1,4,5,6,0,1,2,1,20,+12,1/17/2020,,,,,,,,,,,,,,,"
180,"4,Josh Richardson,27:18,1,6,.167,0,2,.000,0,0,,1,6,7,4,0,0,1,2,2,-5,1/17/2020,,,,,,,,,,,,,,,"
181,"5,Furkan Korkmaz,26:45,8,11,.727,6,9,.667,2,2,1.000,0,4,4,0,0,1,1,1,24,+6,1/17/2020,,,,,,,,,,,,,,,"
182,"6,Kyle O'Quinn,15:40,3,5,.600,0,1,.000,0,0,,1,4,5,2,2,2,1,2,6,-1,1/17/2020,,,,,,,,,,,,,,,"
183,"7,Raul Neto,14:09,1,3,.333,0,1,.000,0,0,,0,1,1,3,1,0,0,0,2,-7,1/17/2020,,,,,,,,,,,,,,,"
184,"8,James Ennis,11:17,2,4,.500,0,1,.000,2,2,1.000,1,2,3,1,1,0,2,1,6,-1,1/17/2020,,,,,,,,,,,,,,,"
185,"9,Mike Scott,3:02,0,3,.000,0,1,.000,0,0,,0,1,1,1,0,0,0,0,0,-4,1/17/2020,,,,,,,,,,,,,,,"
186,"10,Shake Milton,240,40,82,.488,9,29,.310,11,11,1.000,9,35,44,30,9,7,11,12,100,,1/17/2020,,,,,,,,,,,,,,,"
187,"11,Trey Burke,1/17/2020,Jonah Bolden,1/17/2020,Team Totals,1/17/2020,,,,,,,,,,,,,,,,,,,,,,,,,,,,,,,"
188,"0,Ben Simmons,37:09,,,,,,,,,,,,,,,,,,,,,.588,.588,.000,.000,9.7,25.2,17.5,33.4,1.4,0.0,10.5,25.1,121,99,2.4"
189,"1,Tobias Harris,36:10,,,,,,,,,,,,,,,,,,,,,.488,.417,.250,.250,0.0,9.7,4.9,15.9,2.9,0.0,7.0,19.4,105,98,-3.1"
190,"2,Matisse Thybulle,36:10,,,,,,,,,,,,,,,,,,,,,.444,.357,.714,.286,6.6,6.5,6.6,7.1,2.9,8.7,11.3,12.0,102,92,0.2"
191,"3,Al Horford,32:20,,,,,,,,,,,,,,,,,,,,,.672,.643,.429,.143,3.7,14.5,9.2,31.7,0.0,3.2,11.8,25.6,127,101,6.8"
192,"4,Josh Richardson,27:18,,,,,,,,,,,,,,,,,,,,,.167,.167,.333,.000,4.4,25.7,15.2,18.4,0.0,0.0,14.3,12.6,69,101,-11.8"
193,"5,Furkan Korkmaz,26:45,,,,,,,,,,,,,,,,,,,,,1.010,1.000,.818,.182,0.0,17.5,8.9,0.0,0.0,3.9,7.8,23.6,161,100,16.1"
194,"6,Kyle O'Quinn,15:40,,,,,,,,,,,,,,,,,,,,,.600,.600,.200,.000,7.7,29.9,18.9,19.9,6.7,13.3,16.7,18.8,112,77,8.8"
195,"7,Raul Neto,14:09,,,,,,,,,,,,,,,,,,,,,.333,.333,.333,.000,0.0,8.3,4.2,27.8,3.7,0.0,0.0,10.4,108,97,-1.5"
196,"8,James Ennis,11:17,,,,,,,,,,,,,,,,,,,,,.615,.500,.250,.500,10.6,20.8,15.8,13.5,4.6,0.0,29.1,29.9,97,92,-3.1"
197,"9,Mike Scott,3:02,,,,,,,,,,,,,,,,,,,,,.000,.000,.333,.000,0.0,38.6,19.5,39.6,0.0,0.0,0.0,48.5,23,99,-36.2"
198,"10,Shake Milton,240,,,,,,,,,,,,,,,,,,,,,.576,.543,.354,.134,22.5,85.4,54.3,75.0,9.8,15.2,11.2,100.0,109.2,97.2,"
199,"11,Trey Burke,Jonah Bolden,,,,,,,,,,,,,,,,,,,,,Team Totals,,,,,,,,,,,,,,"
200,"0,Joel Embiid,36:53,10,21,.476,1,3,.333,10,12,.833,1,10,11,9,2,1,6,4,31,+4,2/17/2021,,,,,,,,,,,,,,,"
201,"1,Seth Curry,36:51,8,13,.615,3,5,.600,6,6,1.000,1,1,2,5,2,0,5,2,25,-7,2/17/2021,,,,,,,,,,,,,,,"
202,"2,Tobias Harris,36:37,8,17,.471,1,2,.500,7,8,.875,1,14,15,5,1,2,0,2,24,-2,2/17/2021,,,,,,,,,,,,,,,"
203,"3,Danny Green,36:04,4,6,.667,4,6,.667,0,0,,1,2,3,0,0,2,3,2,12,-4,2/17/2021,,,,,,,,,,,,,,,"
204,"4,Matisse Thybulle,31:06,2,2,1.000,1,1,1.000,0,0,,1,0,1,2,4,1,0,5,5,+4,2/17/2021,,,,,,,,,,,,,,,"
205,"5,Furkan Korkmaz,15:51,2,6,.333,1,4,.250,0,0,,0,3,3,1,1,0,1,1,5,+14,2/17/2021,,,,,,,,,,,,,,,"
206,"6,Isaiah Joe,12:26,1,6,.167,1,5,.200,0,0,,0,0,0,1,2,0,0,1,3,+3,2/17/2021,,,,,,,,,,,,,,,"
207,"7,Tyrese Maxey,11:42,4,7,.571,0,0,,2,2,1.000,0,2,2,0,0,0,1,0,10,+5,2/17/2021,,,,,,,,,,,,,,,"
208,"8,Mike Scott,11:23,0,1,.000,0,0,,0,0,,0,4,4,0,0,0,0,0,0,+7,2/17/2021,,,,,,,,,,,,,,,"
209,"9,Dwight Howard,11:07,0,2,.000,0,0,,3,4,.750,2,4,6,0,0,0,4,4,3,+1,2/17/2021,,,,,,,,,,,,,,,"
210,"10,Terrance Ferguson,240,39,81,.481,12,26,.462,28,32,.875,7,40,47,23,12,6,20,21,118,,2/17/2021,,,,,,,,,,,,,,,"
211,"11,Tony Bradley,2/17/2021,Vincent Poirier,2/17/2021,Team Totals,2/17/2021,,,,,,,,,,,,,,,,,,,,,,,,,,,,,,,"
212,"0,Joel Embiid,36:53,,,,,,,,,,,,,,,,,,,,,.590,.500,.143,.571,3.5,26.6,16.6,45.1,2.4,2.9,18.6,36.5,111,103,5.3"
213,"1,Seth Curry,36:51,,,,,,,,,,,,,,,,,,,,,.799,.731,.385,.462,3.5,2.7,3.0,22.8,2.4,0.0,24.2,23.4,126,110,3.5"
214,"2,Tobias Harris,36:37,,,,,,,,,,,,,,,,,,,,,.585,.500,.118,.471,3.5,37.5,22.9,23.0,1.2,5.8,0.0,23.4,133,102,6.8"
215,"3,Danny Green,36:04,,,,,,,,,,,,,,,,,,,,,1.000,1.000,1.000,.000,3.6,5.4,4.6,0.0,0.0,5.9,33.3,10.4,112,112,0.0"
216,"4,Matisse Thybulle,31:06,,,,,,,,,,,,,,,,,,,,,1.250,1.250,.500,.000,4.2,0.0,1.8,8.6,5.8,3.4,0.0,2.7,241,101,7.1"
217,"5,Furkan Korkmaz,15:51,,,,,,,,,,,,,,,,,,,,,.417,.417,.667,.000,0.0,18.5,10.6,9.2,2.8,0.0,14.3,18.4,78,106,-6.3"
218,"6,Isaiah Joe,12:26,,,,,,,,,,,,,,,,,,,,,.250,.250,.833,.000,0.0,0.0,0.0,11.0,7.3,0.0,0.0,20.1,64,100,-6.3"
219,"7,Tyrese Maxey,11:42,,,,,,,,,,,,,,,,,,,,,.635,.571,.000,.286,0.0,16.7,9.5,0.0,0.0,0.0,11.3,31.7,108,113,-4.9"
220,"8,Mike Scott,11:23,,,,,,,,,,,,,,,,,,,,,.000,.000,.000,.000,0.0,34.4,19.6,0.0,0.0,0.0,0.0,3.7,0,109,-6.9"
221,"9,Dwight Howard,11:07,,,,,,,,,,,,,,,,,,,,,.399,.000,.000,2.000,23.3,35.2,30.1,0.0,0.0,0.0,51.5,29.1,57,108,-27.8"
222,"10,Terrance Ferguson,240,,,,,,,,,,,,,,,,,,,,,.621,.556,.321,.395,18.9,81.6,54.7,59.0,11.3,13.3,17.4,100.0,111.0,106.3,"
223,"11,Tony Bradley,Vincent Poirier,,,,,,,,,,,,,,,,,,,,,Team Totals,,,,,,,,,,,,,,"
224,"0,Seth Curry,38:01,2,11,.182,1,5,.200,4,4,1.000,0,4,4,0,0,0,3,2,9,+15,2/19/2021,,,,,,,,,,,,,,,"
225,"1,Danny Green,37:04,4,10,.400,4,8,.500,1,3,.333,0,2,2,5,0,0,0,2,13,+19,2/19/2021,,,,,,,,,,,,,,,"
226,"2,Tobias Harris,36:47,9,16,.563,1,2,.500,3,4,.750,3,9,12,7,0,0,4,4,22,+22,2/19/2021,,,,,,,,,,,,,,,"
227,"3,Matisse Thybulle,36:39,1,3,.333,0,2,.000,0,0,,0,3,3,2,1,3,1,2,2,+16,2/19/2021,,,,,,,,,,,,,,,"
228,"4,Joel Embiid,35:16,17,26,.654,1,2,.500,15,17,.882,6,11,17,5,2,4,2,2,50,+22,2/19/2021,,,,,,,,,,,,,,,"
229,"5,Tyrese Maxey,17:00,3,11,.273,0,0,,0,0,,2,1,3,3,0,0,3,2,6,-11,2/19/2021,,,,,,,,,,,,,,,"
230,"6,Dwight Howard,12:44,4,5,.800,0,0,,0,1,.000,4,6,10,1,0,0,0,1,8,-15,2/19/2021,,,,,,,,,,,,,,,"
231,"7,Furkan Korkmaz,11:27,1,3,.333,0,1,.000,0,0,,0,0,0,0,1,0,2,2,2,-11,2/19/2021,,,,,,,,,,,,,,,"
232,"8,Mike Scott,8:37,0,0,,0,0,,0,0,,0,1,1,0,0,0,0,1,0,-20,2/19/2021,,,,,,,,,,,,,,,"
233,"9,Isaiah Joe,6:25,0,2,.000,0,1,.000,0,0,,1,0,1,0,1,0,0,0,0,-2,2/19/2021,,,,,,,,,,,,,,,"
234,"10,Tony Bradley,240,41,87,.471,7,21,.333,23,29,.793,16,37,53,23,5,7,15,18,112,,2/19/2021,,,,,,,,,,,,,,,"
235,"11,Terrance Ferguson,2/19/2021,Vincent Poirier,2/19/2021,Team Totals,2/19/2021,,,,,,,,,,,,,,,,,,,,,,,,,,,,,,,"
236,"0,Seth Curry,38:01,,,,,,,,,,,,,,,,,,,,,.353,.227,.455,.364,0.0,10.1,5.3,0.0,0.0,0.0,19.0,17.3,67,114,-15.4"
237,"1,Danny Green,37:04,,,,,,,,,,,,,,,,,,,,,.574,.600,.800,.300,0.0,5.2,2.7,18.1,0.0,0.0,0.0,12.8,139,116,1.8"
238,"2,Tobias Harris,36:47,,,,,,,,,,,,,,,,,,,,,.619,.594,.125,.250,8.7,23.5,16.5,31.2,0.0,0.0,18.4,24.7,119,109,3.2"
239,"3,Matisse Thybulle,36:39,,,,,,,,,,,,,,,,,,,,,.333,.333,.667,.000,0.0,7.9,4.1,6.6,1.4,6.2,25.0,4.6,76,108,-1.0"
240,"4,Joel Embiid,35:16,,,,,,,,,,,,,,,,,,,,,.747,.673,.077,.654,18.1,29.9,24.4,38.1,2.8,8.6,5.6,42.1,156,94,33.2"
241,"5,Tyrese Maxey,17:00,,,,,,,,,,,,,,,,,,,,,.273,.273,.000,.000,12.5,5.6,8.9,26.0,0.0,0.0,21.4,34.4,67,116,-20.0"
242,"6,Dwight Howard,12:44,,,,,,,,,,,,,,,,,,,,,.735,.800,.000,.200,33.5,45.2,39.7,14.5,0.0,0.0,0.0,17.9,163,101,11.6"
243,"7,Furkan Korkmaz,11:27,,,,,,,,,,,,,,,,,,,,,.333,.333,.333,.000,0.0,0.0,0.0,0.0,4.3,0.0,40.0,18.3,40,108,-16.5"
244,"8,Mike Scott,8:37,,,,,,,,,,,,,,,,,,,,,,,,,0.0,11.1,5.9,0.0,0.0,0.0,,0.0,0,114,-7.0"
245,"9,Isaiah Joe,6:25,,,,,,,,,,,,,,,,,,,,,.000,.000,.500,.000,16.6,0.0,7.9,0.0,7.7,0.0,0.0,13.0,39,101,-7.1"
246,"10,Tony Bradley,240,,,,,,,,,,,,,,,,,,,,,.561,.511,.241,.333,35.6,74.0,55.8,56.1,5.2,11.1,13.1,100.0,115.5,108.2,"
247,"11,Terrance Ferguson,Vincent Poirier,,,,,,,,,,,,,,,,,,,,,Team Totals,,,,,,,,,,,,,,"
248,"0,Ben Simmons,27:55,7,11,.636,0,0,,4,4,1.000,2,4,6,2,2,0,4,2,18,+25,3/1/2021,,,,,,,,,,,,,,,"
249,"1,Joel Embiid,26:59,10,17,.588,1,2,.500,3,3,1.000,0,13,13,5,0,1,2,1,24,+22,3/1/2021,,,,,,,,,,,,,,,"
250,"2,Mike Scott,24:37,4,4,1.000,3,3,1.000,0,0,,0,4,4,0,4,0,2,0,11,+12,3/1/2021,,,,,,,,,,,,,,,"
251,"3,Seth Curry,22:35,3,6,.500,1,3,.333,0,0,,0,0,0,5,1,0,1,0,7,+12,3/1/2021,,,,,,,,,,,,,,,"
252,"4,Danny Green,19:15,1,5,.200,1,5,.200,0,0,,0,1,1,1,1,1,0,2,3,+12,3/1/2021,,,,,,,,,,,,,,,"
253,"5,Shake Milton,29:57,9,14,.643,3,5,.600,5,5,1.000,1,3,4,4,0,0,2,4,26,+4,3/1/2021,,,,,,,,,,,,,,,"
254,"6,Furkan Korkmaz,22:41,6,14,.429,6,13,.462,1,2,.500,0,2,2,2,1,2,2,1,19,+9,3/1/2021,,,,,,,,,,,,,,,"
255,"7,Matisse Thybulle,20:52,1,6,.167,0,3,.000,2,2,1.000,1,0,1,3,0,0,1,2,4,+8,3/1/2021,,,,,,,,,,,,,,,"
256,"8,Tyrese Maxey,17:10,2,3,.667,0,1,.000,0,0,,0,2,2,5,0,1,1,3,4,-8,3/1/2021,,,,,,,,,,,,,,,"
257,"9,Dwight Howard,15:16,4,4,1.000,0,0,,0,0,,2,4,6,0,1,0,2,3,8,-1,3/1/2021,,,,,,,,,,,,,,,"
258,"10,Tony Bradley,5:45,2,2,1.000,0,0,,0,0,,0,0,0,0,0,1,0,0,4,-5,3/1/2021,,,,,,,,,,,,,,,"
259,"11,Terrance Ferguson,5:25,1,1,1.000,0,0,,0,0,,0,0,0,0,0,0,2,1,2,-5,3/1/2021,,,,,,,,,,,,,,,"
260,"12,Vincent Poirier,1:32,0,1,.000,0,0,,0,0,,0,0,0,0,0,0,0,0,0,-5,3/1/2021,,,,,,,,,,,,,,,"
261,"13,Team Totals,240,50,88,.568,15,35,.429,15,16,.938,6,33,39,27,10,6,19,19,130,,3/1/2021,,,,,,,,,,,,,,,"
262,"0,Ben Simmons,27:55,,,,,,,,,,,,,,,,,,,,,.705,.636,.000,.364,10.7,16.8,14.1,9.1,3.2,0.0,23.9,25.3,116,105,-1.9"
263,"1,Joel Embiid,26:59,,,,,,,,,,,,,,,,,,,,,.655,.618,.118,.176,0.0,56.4,31.7,27.6,0.0,2.9,9.8,31.7,128,103,7.9"
264,"2,Mike Scott,24:37,,,,,,,,,,,,,,,,,,,,,1.375,1.375,.750,.000,0.0,19.0,10.7,0.0,7.3,0.0,33.3,10.3,143,96,12.9"
265,"3,Seth Curry,22:35,,,,,,,,,,,,,,,,,,,,,.583,.583,.500,.000,0.0,0.0,0.0,24.4,2.0,0.0,14.3,13.0,127,110,0.9"
266,"4,Danny Green,19:15,,,,,,,,,,,,,,,,,,,,,.300,.300,1.000,.000,0.0,6.1,3.4,5.2,2.3,4.0,0.0,10.9,77,105,-5.2"
267,"5,Shake Milton,29:57,,,,,,,,,,,,,,,,,,,,,.802,.750,.357,.357,5.0,11.7,8.8,18.0,0.0,0.0,11.0,25.6,150,113,4.2"
268,"6,Furkan Korkmaz,22:41,,,,,,,,,,,,,,,,,,,,,.638,.643,.929,.143,0.0,10.3,5.8,11.3,2.0,6.8,11.8,31.3,113,103,6.1"
269,"7,Matisse Thybulle,20:52,,,,,,,,,,,,,,,,,,,,,.291,.167,.500,.333,7.2,0.0,3.2,14.5,0.0,0.0,12.7,15.9,86,115,-11.5"
270,"8,Tyrese Maxey,17:10,,,,,,,,,,,,,,,,,,,,,.667,.667,.333,.000,0.0,13.6,7.7,31.5,0.0,4.5,25.0,9.8,138,109,1.9"
271,"9,Dwight Howard,15:16,,,,,,,,,,,,,,,,,,,,,1.000,1.000,.000,.000,19.7,30.7,25.8,0.0,2.9,0.0,33.3,16.5,129,103,-0.5"
272,"10,Tony Bradley,5:45,,,,,,,,,,,,,,,,,,,,,1.000,1.000,.000,.000,0.0,0.0,0.0,0.0,0.0,13.5,0.0,14.6,200,104,10.3"
273,"11,Terrance Ferguson,5:25,,,,,,,,,,,,,,,,,,,,,1.000,1.000,.000,.000,0.0,0.0,0.0,0.0,0.0,0.0,66.7,23.3,49,115,-18.7"
274,"12,Vincent Poirier,1:32,,,,,,,,,,,,,,,,,,,,,.000,.000,.000,.000,0.0,0.0,0.0,0.0,0.0,0.0,0.0,27.5,0,115,-36.2"
275,"13,Team Totals,240,,,,,,,,,,,,,,,,,,,,,.684,.653,.398,.182,18.8,80.5,53.4,54.0,9.3,9.7,16.7,100.0,121.3,106.4,"
276,"0,Tobias Harris,39:37,9,17,.529,1,5,.200,3,3,1.000,1,2,3,5,2,0,0,2,22,+20,1/20/2021,,,,,,,,,,,,,,,"
277,"1,Ben Simmons,33:30,2,5,.400,0,0,,7,10,.700,3,5,8,8,2,0,3,5,11,+2,1/20/2021,,,,,,,,,,,,,,,"
278,"2,Joel Embiid,32:53,12,19,.632,1,5,.200,17,21,.810,0,10,10,2,1,1,1,2,42,+15,1/20/2021,,,,,,,,,,,,,,,"
279,"3,Danny Green,28:35,4,8,.500,4,8,.500,0,0,,1,5,6,1,1,0,1,2,12,+17,1/20/2021,,,,,,,,,,,,,,,"
280,"4,Tyrese Maxey,20:34,0,4,.000,0,1,.000,0,0,,0,2,2,2,0,0,0,2,0,+2,1/20/2021,,,,,,,,,,,,,,,"
281,"5,Shake Milton,29:05,4,10,.400,2,2,1.000,6,6,1.000,0,1,1,1,1,0,4,1,16,-2,1/20/2021,,,,,,,,,,,,,,,"
282,"6,Matisse Thybulle,21:01,0,3,.000,0,3,.000,0,0,,0,0,0,0,4,1,0,4,0,+2,1/20/2021,,,,,,,,,,,,,,,"
283,"7,Furkan Korkmaz,19:38,2,5,.400,1,3,.333,2,3,.667,0,1,1,0,1,0,0,1,7,-9,1/20/2021,,,,,,,,,,,,,,,"
284,"8,Dwight Howard,15:07,3,7,.429,0,0,,1,2,.500,6,4,10,1,0,1,0,1,7,-7,1/20/2021,,,,,,,,,,,,,,,"
285,"9,Terrance Ferguson,240,36,78,.462,9,27,.333,36,45,.800,11,30,41,20,12,3,9,20,117,,1/20/2021,,,,,,,,,,,,,,,"
286,"10,Paul Reed,1/20/2021,Isaiah Joe,1/20/2021,Tony Bradley,1/20/2021,Team Totals,1/20/2021,,,,,,,,,,,,,,,,,,,,,,,,,,,,,"
287,"0,Tobias Harris,39:37,,,,,,,,,,,,,,,,,,,,,.600,.559,.294,.176,2.6,6.1,4.2,24.1,2.5,0.0,0.0,20.8,136,115,3.8"
288,"1,Ben Simmons,33:30,,,,,,,,,,,,,,,,,,,,,.585,.400,.000,2.000,9.3,17.9,13.3,34.6,2.9,0.0,24.2,16.6,122,110,1.1"
289,"2,Joel Embiid,32:53,,,,,,,,,,,,,,,,,,,,,.744,.658,.263,1.105,0.0,36.5,17.0,15.8,1.5,2.6,3.4,40.0,150,108,19.2"
290,"3,Danny Green,28:35,,,,,,,,,,,,,,,,,,,,,.750,.750,1.000,.000,3.7,21.0,11.7,5.7,1.7,0.0,11.1,14.2,133,113,0.5"
291,"4,Tyrese Maxey,20:34,,,,,,,,,,,,,,,,,,,,,.000,.000,.250,.000,0.0,11.7,5.4,13.0,0.0,0.0,0.0,8.7,33,119,-14.7"
292,"5,Shake Milton,29:05,,,,,,,,,,,,,,,,,,,,,.633,.500,.200,.600,0.0,4.1,1.9,5.6,1.7,0.0,24.0,25.7,99,117,-6.9"
293,"6,Matisse Thybulle,21:01,,,,,,,,,,,,,,,,,,,,,.000,.000,1.000,.000,0.0,0.0,0.0,0.0,9.4,4.1,0.0,6.4,0,98,-2.3"
294,"7,Furkan Korkmaz,19:38,,,,,,,,,,,,,,,,,,,,,.554,.500,.600,.600,0.0,6.1,2.8,0.0,2.5,0.0,0.0,14.5,117,115,-3.0"
295,"8,Dwight Howard,15:07,,,,,,,,,,,,,,,,,,,,,.444,.429,.000,.286,41.4,31.8,36.9,12.0,0.0,5.7,0.0,23.4,131,110,-0.7"
296,"9,Terrance Ferguson,240,,,,,,,,,,,,,,,,,,,,,.598,.519,.346,.577,23.9,75.0,47.7,55.6,12.3,5.4,8.4,100.0,120.2,112.0,"
297,"10,Paul Reed,Isaiah Joe,,,,,,,,,,,,,,,,,,,,,Tony Bradley,Team Totals,,,,,,,,,,,,,"
298,"0,Tobias Harris,46:12,10,20,.500,0,4,.000,2,3,.667,2,10,12,6,2,0,3,5,22,+18,2/20/2020,,,,,,,,,,,,,,,"
299,"1,Joel Embiid,41:06,10,20,.500,1,1,1.000,18,19,.947,6,10,16,2,2,2,5,4,39,+24,2/20/2020,,,,,,,,,,,,,,,"
300,"2,Josh Richardson,38:56,3,12,.250,1,6,.167,0,0,,2,5,7,3,3,1,3,5,7,+16,2/20/2020,,,,,,,,,,,,,,,"
301,"3,Raul Neto,28:26,1,4,.250,0,1,.000,4,4,1.000,0,2,2,4,0,0,1,1,6,+5,2/20/2020,,,,,,,,,,,,,,,"
302,"4,Glenn Robinson,14:07,2,3,.667,0,1,.000,0,0,,0,2,2,0,1,0,0,1,4,+1,2/20/2020,,,,,,,,,,,,,,,"
303,"5,Alec Burks,29:44,6,11,.545,2,4,.500,5,5,1.000,0,4,4,1,0,0,0,2,19,+4,2/20/2020,,,,,,,,,,,,,,,"
304,"6,Al Horford,18:34,2,5,.400,0,2,.000,2,3,.667,0,3,3,2,1,2,0,2,6,-26,2/20/2020,,,,,,,,,,,,,,,"
305,"7,Furkan Korkmaz,17:52,2,5,.400,0,1,.000,0,0,,1,0,1,0,0,1,0,1,4,-13,2/20/2020,,,,,,,,,,,,,,,"
306,"8,Matisse Thybulle,16:21,0,2,.000,0,1,.000,0,0,,0,0,0,0,1,0,0,1,0,-1,2/20/2020,,,,,,,,,,,,,,,"
307,"9,Shake Milton,13:42,2,4,.500,0,1,.000,1,1,1.000,0,1,1,1,0,0,1,0,5,+12,2/20/2020,,,,,,,,,,,,,,,"
308,"10,Norvel Pelle,265,38,86,.442,4,22,.182,32,35,.914,11,37,48,19,10,6,13,22,112,,2/20/2020,,,,,,,,,,,,,,,"
309,"11,Kyle O'Quinn,2/20/2020,Mike Scott,2/20/2020,Team Totals,2/20/2020,,,,,,,,,,,,,,,,,,,,,,,,,,,,,,,"
310,"0,Tobias Harris,46:12,,,,,,,,,,,,,,,,,,,,,.516,.500,.200,.150,5.1,22.1,14.2,25.9,2.2,0.0,12.3,24.4,104,97,1.4"
311,"1,Joel Embiid,41:06,,,,,,,,,,,,,,,,,,,,,.688,.525,.050,.950,17.2,24.8,21.3,10.3,2.5,3.8,15.0,37.6,130,93,11.6"
312,"2,Josh Richardson,38:56,,,,,,,,,,,,,,,,,,,,,.292,.292,.500,.000,6.1,13.1,9.8,12.0,3.9,2.0,20.0,17.8,66,96,-5.4"
313,"3,Raul Neto,28:26,,,,,,,,,,,,,,,,,,,,,.521,.250,.250,1.000,0.0,7.2,3.8,20.6,0.0,0.0,14.8,11.0,114,109,-3.5"
314,"4,Glenn Robinson,14:07,,,,,,,,,,,,,,,,,,,,,.667,.667,.333,.000,0.0,14.4,7.7,0.0,3.6,0.0,0.0,9.8,133,97,1.9"
315,"5,Alec Burks,29:44,,,,,,,,,,,,,,,,,,,,,.720,.636,.364,.455,0.0,13.7,7.4,6.5,0.0,0.0,0.0,20.6,152,105,5.7"
316,"6,Al Horford,18:34,,,,,,,,,,,,,,,,,,,,,.475,.400,.400,.600,0.0,16.5,8.8,17.7,2.7,8.4,0.0,15.8,113,94,6.3"
317,"7,Furkan Korkmaz,17:52,,,,,,,,,,,,,,,,,,,,,.400,.400,.200,.000,6.6,0.0,3.1,0.0,0.0,4.4,0.0,13.0,95,109,-4.5"
318,"8,Matisse Thybulle,16:21,,,,,,,,,,,,,,,,,,,,,.000,.000,.500,.000,0.0,0.0,0.0,0.0,3.1,0.0,0.0,5.7,0,105,-7.7"
319,"9,Shake Milton,13:42,,,,,,,,,,,,,,,,,,,,,.563,.500,.250,.250,0.0,7.4,4.0,12.8,0.0,0.0,18.4,18.4,99,108,-4.6"
320,"10,Norvel Pelle,265,,,,,,,,,,,,,,,,,,,,,.552,.465,.256,.407,24.4,71.2,49.5,50.0,9.6,8.8,11.4,100.0,107.0,99.4,"
321,"11,Kyle O'Quinn,Mike Scott,,,,,,,,,,,,,,,,,,,,,Team Totals,,,,,,,,,,,,,,"
322,"0,Josh Richardson,41:40,5,17,.294,3,11,.273,4,4,1.000,2,1,3,3,2,2,2,2,17,-14,8/21/2020,,,,,,,,,,,,,,,"
323,"1,Tobias Harris,39:14,6,19,.316,0,5,.000,3,4,.750,8,7,15,4,1,1,3,3,15,-14,8/21/2020,,,,,,,,,,,,,,,"
324,"2,Al Horford,37:53,1,5,.200,0,2,.000,4,6,.667,3,7,10,0,1,2,0,4,6,-4,8/21/2020,,,,,,,,,,,,,,,"
325,"3,Shake Milton,37:38,6,18,.333,3,9,.333,2,2,1.000,1,5,6,3,1,0,2,3,17,-7,8/21/2020,,,,,,,,,,,,,,,"
326,"4,Joel Embiid,35:24,7,20,.350,2,5,.400,14,16,.875,4,9,13,1,1,1,4,5,30,-18,8/21/2020,,,,,,,,,,,,,,,"
327,"5,Alec Burks,21:43,3,10,.300,1,3,.333,2,2,1.000,1,2,3,2,0,1,0,2,9,+3,8/21/2020,,,,,,,,,,,,,,,"
328,"6,Furkan Korkmaz,12:58,0,4,.000,0,3,.000,0,0,,0,4,4,0,0,0,0,0,0,+11,8/21/2020,,,,,,,,,,,,,,,"
329,"7,Matisse Thybulle,8:31,0,1,.000,0,0,,0,0,,0,0,0,0,0,0,1,0,0,-2,8/21/2020,,,,,,,,,,,,,,,"
330,"8,Mike Scott,4:59,0,1,.000,0,1,.000,0,0,,1,2,3,1,0,0,0,0,0,+5,8/21/2020,,,,,,,,,,,,,,,"
331,"9,Raul Neto,240,28,95,.295,9,39,.231,29,34,.853,20,37,57,14,6,7,12,19,94,,8/21/2020,,,,,,,,,,,,,,,"
332,"10,Norvel Pelle,8/21/2020,Kyle O'Quinn,8/21/2020,Marial Shayok,8/21/2020,Team Totals,8/21/2020,,,,,,,,,,,,,,,,,,,,,,,,,,,,,"
333,"0,Josh Richardson,41:40,,,,,,,,,,,,,,,,,,,,,.453,.382,.647,.235,3.7,2.9,3.4,15.5,2.3,4.1,9.6,19.6,100,99,3.6"
334,"1,Tobias Harris,39:14,,,,,,,,,,,,,,,,,,,,,.361,.316,.263,.211,15.8,21.4,18.0,23.7,1.2,2.2,12.6,23.8,88,102,1.1"
335,"2,Al Horford,37:53,,,,,,,,,,,,,,,,,,,,,.393,.200,.400,1.200,6.1,22.2,12.4,0.0,1.3,4.5,0.0,7.9,106,99,-3.9"
336,"3,Shake Milton,37:38,,,,,,,,,,,,,,,,,,,,,.450,.417,.500,.111,2.1,15.9,7.5,18.8,1.3,0.0,9.6,21.8,97,105,-0.1"
337,"4,Joel Embiid,35:24,,,,,,,,,,,,,,,,,,,,,.555,.400,.250,.800,8.7,30.5,17.3,7.3,1.4,2.4,12.9,34.5,111,101,7.4"
338,"5,Alec Burks,21:43,,,,,,,,,,,,,,,,,,,,,.414,.350,.300,.200,3.6,11.1,6.5,20.7,0.0,3.9,0.0,19.7,106,104,1.6"
339,"6,Furkan Korkmaz,12:58,,,,,,,,,,,,,,,,,,,,,.000,.000,.750,.000,0.0,37.0,14.5,0.0,0.0,0.0,0.0,12.1,0,105,-14.5"
340,"7,Matisse Thybulle,8:31,,,,,,,,,,,,,,,,,,,,,.000,.000,.000,.000,0.0,0.0,0.0,0.0,0.0,0.0,50.0,9.2,0,109,-16.0"
341,"8,Mike Scott,4:59,,,,,,,,,,,,,,,,,,,,,.000,.000,1.000,.000,15.5,48.2,28.3,34.4,0.0,0.0,0.0,7.9,78,104,1.7"
342,"9,Raul Neto,240,,,,,,,,,,,,,,,,,,,,,.427,.342,.411,.358,32.3,92.5,55.9,50.0,6.0,12.5,9.8,100.0,94.0,102.0,"
343,"10,Norvel Pelle,Kyle O'Quinn,,,,,,,,,,,,,,,,,,,,,Marial Shayok,Team Totals,,,,,,,,,,,,,"
344,"0,Tobias Harris,41:23,10,12,.833,3,3,1.000,0,0,,1,7,8,3,0,1,3,0,23,+15,1/22/2021,,,,,,,,,,,,,,,"
345,"1,Ben Simmons,35:45,7,10,.700,0,0,,1,3,.333,1,2,3,11,2,1,2,5,15,+7,1/22/2021,,,,,,,,,,,,,,,"
346,"2,Joel Embiid,30:13,11,15,.733,2,2,1.000,14,15,.933,3,8,11,3,1,0,5,5,38,+13,1/22/2021,,,,,,,,,,,,,,,"
347,"3,Seth Curry,27:01,6,10,.600,3,5,.600,0,0,,0,0,0,1,1,0,2,4,15,+18,1/22/2021,,,,,,,,,,,,,,,"
348,"4,Danny Green,24:34,2,7,.286,1,6,.167,0,0,,0,3,3,1,1,1,0,1,5,+6,1/22/2021,,,,,,,,,,,,,,,"
349,"5,Matisse Thybulle,20:52,4,8,.500,1,3,.333,0,0,,1,3,4,0,0,2,0,2,9,+7,1/22/2021,,,,,,,,,,,,,,,"
350,"6,Shake Milton,18:28,2,7,.286,0,2,.000,2,2,1.000,0,0,0,2,1,0,1,3,6,-6,1/22/2021,,,,,,,,,,,,,,,"
351,"7,Dwight Howard,17:47,0,2,.000,0,0,,3,4,.750,4,8,12,0,3,2,5,2,3,-1,1/22/2021,,,,,,,,,,,,,,,"
352,"8,Furkan Korkmaz,17:42,2,9,.222,2,7,.286,0,0,,0,1,1,2,0,0,1,1,6,0,1/22/2021,,,,,,,,,,,,,,,"
353,"9,Tyrese Maxey,6:12,1,1,1.000,0,0,,0,0,,0,3,3,0,0,0,0,0,2,+1,1/22/2021,,,,,,,,,,,,,,,"
354,"10,Paul Reed,240,45,81,.556,12,28,.429,20,24,.833,10,35,45,23,9,7,19,23,122,,1/22/2021,,,,,,,,,,,,,,,"
355,"11,Tony Bradley,1/22/2021,Isaiah Joe,1/22/2021,Terrance Ferguson,1/22/2021,Team Totals,1/22/2021,,,,,,,,,,,,,,,,,,,,,,,,,,,,,"
356,"0,Tobias Harris,41:23,,,,,,,,,,,,,,,,,,,,,.958,.958,.250,.000,3.6,18.0,12.1,10.4,0.0,1.9,20.0,15.7,150,117,7.4"
357,"1,Ben Simmons,35:45,,,,,,,,,,,,,,,,,,,,,.663,.700,.000,.300,4.2,6.0,5.2,41.5,2.8,2.2,15.0,16.2,143,114,8.2"
358,"2,Joel Embiid,30:13,,,,,,,,,,,,,,,,,,,,,.880,.800,.133,1.000,14.9,28.2,22.7,17.3,1.6,0.0,18.8,38.2,150,112,15.0"
359,"3,Seth Curry,27:01,,,,,,,,,,,,,,,,,,,,,.750,.750,.500,.000,0.0,0.0,0.0,5.2,1.8,0.0,16.7,19.3,124,119,-1.4"
360,"4,Danny Green,24:34,,,,,,,,,,,,,,,,,,,,,.357,.357,.857,.000,0.0,13.0,7.6,4.8,2.0,3.3,0.0,12.4,93,113,-3.4"
361,"5,Matisse Thybulle,20:52,,,,,,,,,,,,,,,,,,,,,.563,.563,.375,.000,7.2,15.3,11.9,0.0,0.0,7.7,0.0,16.6,127,113,1.1"
362,"6,Shake Milton,18:28,,,,,,,,,,,,,,,,,,,,,.381,.286,.286,.286,0.0,0.0,0.0,13.1,2.7,0.0,11.3,20.9,91,117,-11.7"
363,"7,Dwight Howard,17:47,,,,,,,,,,,,,,,,,,,,,.399,.000,.000,2.000,33.7,48.0,42.1,0.0,8.3,9.0,57.1,21.4,64,85,-5.3"
364,"8,Furkan Korkmaz,17:42,,,,,,,,,,,,,,,,,,,,,.333,.333,.778,.000,0.0,6.0,3.5,13.7,0.0,0.0,10.0,24.5,82,122,-13.0"
365,"9,Tyrese Maxey,6:12,,,,,,,,,,,,,,,,,,,,,1.000,1.000,.000,.000,0.0,51.6,30.2,0.0,0.0,0.0,0.0,7.0,200,110,3.6"
366,"10,Paul Reed,240,,,,,,,,,,,,,,,,,,,,,.666,.630,.346,.296,31.3,77.8,58.4,51.1,9.2,11.7,17.2,100.0,125.2,112.9,"
367,"11,Tony Bradley,Isaiah Joe,,,,,,,,,,,,,,,,,,,,,Terrance Ferguson,Team Totals,,,,,,,,,,,,,"
368,"0,Joel Embiid,34:50,10,17,.588,1,1,1.000,8,9,.889,2,12,14,2,0,1,3,3,29,-2,12/23/2020,,,,,,,,,,,,,,,"
369,"1,Ben Simmons,32:25,7,12,.583,0,0,,2,6,.333,1,8,9,7,2,3,4,3,16,-2,12/23/2020,,,,,,,,,,,,,,,"
370,"2,Seth Curry,32:16,4,8,.500,1,5,.200,4,4,1.000,0,0,0,4,2,0,1,4,13,-1,12/23/2020,,,,,,,,,,,,,,,"
371,"3,Tobias Harris,31:08,3,13,.231,0,4,.000,4,4,1.000,4,4,8,0,0,1,2,4,10,-7,12/23/2020,,,,,,,,,,,,,,,"
372,"4,Danny Green,18:16,1,6,.167,0,4,.000,0,0,,0,0,0,2,2,0,1,2,2,-27,12/23/2020,,,,,,,,,,,,,,,"
373,"5,Shake Milton,29:44,6,11,.545,2,4,.500,5,7,.714,0,1,1,3,3,0,0,3,19,+33,12/23/2020,,,,,,,,,,,,,,,"
374,"6,Furkan Korkmaz,20:11,4,9,.444,3,6,.500,0,0,,0,1,1,0,1,2,2,1,11,+14,12/23/2020,,,,,,,,,,,,,,,"
375,"7,Mike Scott,16:52,1,3,.333,1,3,.333,0,0,,0,2,2,0,1,0,0,1,3,+13,12/23/2020,,,,,,,,,,,,,,,"
376,"8,Dwight Howard,13:10,2,2,1.000,0,0,,0,0,,3,7,10,2,0,1,2,3,4,+8,12/23/2020,,,,,,,,,,,,,,,"
377,"9,Tyrese Maxey,10:51,3,6,.500,0,1,.000,0,0,,0,2,2,2,0,0,1,0,6,+3,12/23/2020,,,,,,,,,,,,,,,"
378,"10,Matisse Thybulle,0:17,0,0,,0,0,,0,0,,0,0,0,0,0,0,0,1,0,-2,12/23/2020,,,,,,,,,,,,,,,"
379,"11,Terrance Ferguson,240,41,87,.471,8,28,.286,23,30,.767,10,37,47,22,11,8,16,25,113,,12/23/2020,,,,,,,,,,,,,,,"
380,"12,Tony Bradley,12/23/2020,Dakota Mathias,12/23/2020,Isaiah Joe,12/23/2020,Team Totals,12/23/2020,,,,,,,,,,,,,,,,,,,,,,,,,,,,,"
381,"0,Joel Embiid,34:50,,,,,,,,,,,,,,,,,,,,,.692,.618,.059,.529,6.1,39.4,22.2,10.1,0.0,2.4,12.5,28.4,127,104,5.6"
382,"1,Ben Simmons,32:25,,,,,,,,,,,,,,,,,,,,,.546,.583,.000,.500,3.3,28.2,15.3,33.8,2.8,7.7,21.5,23.8,100,94,5.7"
383,"2,Seth Curry,32:16,,,,,,,,,,,,,,,,,,,,,.666,.563,.625,.500,0.0,0.0,0.0,17.0,2.8,0.0,9.3,13.8,135,104,0.1"
384,"3,Tobias Harris,31:08,,,,,,,,,,,,,,,,,,,,,.339,.231,.308,.308,13.7,14.7,14.2,0.0,0.0,2.7,11.9,22.2,79,106,-13.3"
385,"4,Danny Green,18:16,,,,,,,,,,,,,,,,,,,,,.167,.167,.667,.000,0.0,0.0,0.0,13.7,5.0,0.0,14.3,15.8,47,99,-9.4"
386,"5,Shake Milton,29:44,,,,,,,,,,,,,,,,,,,,,.675,.636,.364,.636,0.0,3.8,1.9,15.5,4.6,0.0,0.0,19.6,145,100,8.6"
387,"6,Furkan Korkmaz,20:11,,,,,,,,,,,,,,,,,,,,,.611,.611,.667,.000,0.0,5.7,2.7,0.0,2.2,8.2,18.2,22.5,93,97,3.4"
388,"7,Mike Scott,16:52,,,,,,,,,,,,,,,,,,,,,.500,.500,1.000,.000,0.0,13.6,6.5,0.0,2.7,0.0,0.0,7.3,103,103,-1.6"
389,"8,Dwight Howard,13:10,,,,,,,,,,,,,,,,,,,,,1.000,1.000,.000,.000,24.3,60.8,41.9,21.6,0.0,6.3,50.0,12.5,124,97,4.1"
390,"9,Tyrese Maxey,10:51,,,,,,,,,,,,,,,,,,,,,.500,.500,.167,.000,0.0,21.1,10.2,31.9,0.0,0.0,14.3,26.7,96,108,-3.6"
391,"10,Matisse Thybulle,0:17,,,,,,,,,,,,,,,,,,,,,,,,,0.0,0.0,0.0,0.0,0.0,0.0,,0.0,0,99,-64.7"
392,"11,Isaiah Joe,240,,,,,,,,,,,,,,,,,,,,,.564,.517,.322,.345,22.2,88.1,54.0,53.7,10.4,13.8,13.8,100.0,106.9,101.2,"
393,"12,Terrance Ferguson,Tony Bradley,,,,,,,,,,,,,,,,,,,,,Dakota Mathias,Team Totals,,,,,,,,,,,,,"
394,"0,Joel Embiid,37:23,8,18,.444,1,5,.200,13,18,.722,2,8,10,0,3,2,4,5,30,-8,8/23/2020,,,,,,,,,,,,,,,"
395,"1,Josh Richardson,36:27,2,10,.200,2,5,.400,8,9,.889,1,2,3,5,0,0,2,5,14,+10,8/23/2020,,,,,,,,,,,,,,,"
396,"2,Al Horford,36:19,6,10,.600,0,1,.000,0,1,.000,4,6,10,3,0,1,0,4,12,-10,8/23/2020,,,,,,,,,,,,,,,"
397,"3,Tobias Harris,35:06,7,12,.583,2,5,.400,4,4,1.000,0,5,5,2,0,0,1,4,20,+6,8/23/2020,,,,,,,,,,,,,,,"
398,"4,Shake Milton,33:18,5,11,.455,2,6,.333,2,2,1.000,0,4,4,1,1,0,0,5,14,-2,8/23/2020,,,,,,,,,,,,,,,"
399,"5,Alec Burks,29:48,6,16,.375,1,8,.125,0,0,,1,2,3,1,1,2,0,2,13,-11,8/23/2020,,,,,,,,,,,,,,,"
400,"6,Raul Neto,11:00,1,4,.250,1,3,.333,0,0,,0,1,1,0,1,0,1,0,3,-5,8/23/2020,,,,,,,,,,,,,,,"
401,"7,Matisse Thybulle,9:29,0,1,.000,0,1,.000,0,0,,0,1,1,0,1,0,0,0,0,-7,8/23/2020,,,,,,,,,,,,,,,"
402,"8,Mike Scott,6:48,0,0,,0,0,,0,0,,0,2,2,0,0,0,0,0,0,0,8/23/2020,,,,,,,,,,,,,,,"
403,"9,Furkan Korkmaz,4:22,0,0,,0,0,,0,0,,0,0,0,0,0,0,0,0,0,+7,8/23/2020,,,,,,,,,,,,,,,"
404,"10,Kyle O'Quinn,240,35,82,.427,9,34,.265,27,34,.794,8,31,39,12,7,5,8,25,106,,8/23/2020,,,,,,,,,,,,,,,"
405,"11,Norvel Pelle,8/23/2020,Marial Shayok,8/23/2020,Team Totals,8/23/2020,,,,,,,,,,,,,,,,,,,,,,,,,,,,,,,"
406,"0,Joel Embiid,37:23,,,,,,,,,,,,,,,,,,,,,.579,.472,.278,1.000,6.4,25.1,15.9,0.0,4.1,5.5,13.4,36.6,108,105,4.0"
407,"1,Josh Richardson,36:27,,,,,,,,,,,,,,,,,,,,,.501,.300,.500,.900,3.3,6.4,4.9,20.3,0.0,0.0,12.5,20.0,109,123,-2.5"
408,"2,Al Horford,36:19,,,,,,,,,,,,,,,,,,,,,.575,.600,.100,.100,13.2,19.3,16.3,14.6,0.0,2.8,0.0,13.1,139,118,3.0"
409,"3,Tobias Harris,35:06,,,,,,,,,,,,,,,,,,,,,.727,.667,.417,.333,0.0,16.7,8.4,10.8,0.0,0.0,6.8,19.2,142,120,4.5"
410,"4,Shake Milton,33:18,,,,,,,,,,,,,,,,,,,,,.589,.545,.545,.182,0.0,14.1,7.1,5.2,1.5,0.0,0.0,16.3,126,117,-0.2"
411,"5,Alec Burks,29:48,,,,,,,,,,,,,,,,,,,,,.406,.406,.500,.000,4.0,7.9,6.0,6.4,1.7,6.9,0.0,24.6,92,115,-0.3"
412,"6,Raul Neto,11:00,,,,,,,,,,,,,,,,,,,,,.375,.375,.750,.000,0.0,10.6,5.4,0.0,4.6,0.0,20.0,20.8,62,112,-5.2"
413,"7,Matisse Thybulle,9:29,,,,,,,,,,,,,,,,,,,,,.000,.000,1.000,.000,0.0,12.3,6.2,0.0,5.3,0.0,0.0,4.8,0,110,-1.9"
414,"8,Mike Scott,6:48,,,,,,,,,,,,,,,,,,,,,,,,,0.0,34.4,17.4,0.0,0.0,0.0,,0.0,0,116,-2.5"
415,"9,Furkan Korkmaz,4:22,,,,,,,,,,,,,,,,,,,,,,,,,0.0,0.0,0.0,0.0,0.0,0.0,,0.0,0,125,-5.9"
416,"10,Kyle O'Quinn,240,,,,,,,,,,,,,,,,,,,,,.547,.482,.415,.415,20.0,75.6,48.1,34.3,7.4,10.6,7.6,100.0,111.8,116.0,"
417,"11,Norvel Pelle,Marial Shayok,,,,,,,,,,,,,,,,,,,,,Team Totals,,,,,,,,,,,,,,"
418,"0,Josh Richardson,38:55,4,12,.333,1,3,.333,4,4,1.000,2,4,6,3,0,1,1,3,13,+9,2/24/2020,,,,,,,,,,,,,,,"
419,"1,Joel Embiid,36:22,17,24,.708,1,3,.333,14,15,.933,4,10,14,3,3,1,4,4,49,+19,2/24/2020,,,,,,,,,,,,,,,"
420,"2,Tobias Harris,35:17,9,18,.500,4,6,.667,3,4,.750,0,6,6,4,1,1,0,1,25,+21,2/24/2020,,,,,,,,,,,,,,,"
421,"3,Al Horford,30:47,3,8,.375,1,4,.250,0,0,,1,7,8,5,0,1,1,2,7,+19,2/24/2020,,,,,,,,,,,,,,,"
422,"4,Shake Milton,26:27,3,7,.429,1,3,.333,0,0,,1,4,5,6,1,1,2,3,7,+21,2/24/2020,,,,,,,,,,,,,,,"
423,"5,Furkan Korkmaz,31:01,3,8,.375,3,7,.429,6,7,.857,0,6,6,2,1,0,2,1,15,+8,2/24/2020,,,,,,,,,,,,,,,"
424,"6,Alec Burks,16:21,3,5,.600,1,3,.333,0,0,,0,1,1,2,0,0,1,2,7,-12,2/24/2020,,,,,,,,,,,,,,,"
425,"7,Glenn Robinson,13:42,3,5,.600,0,1,.000,0,0,,0,1,1,1,1,0,0,2,6,-3,2/24/2020,,,,,,,,,,,,,,,"
426,"8,Matisse Thybulle,11:08,0,1,.000,0,0,,0,0,,1,0,1,1,2,0,0,4,0,+3,2/24/2020,,,,,,,,,,,,,,,"
427,"9,Raul Neto,240,45,88,.511,12,30,.400,27,30,.900,9,39,48,27,9,5,11,22,129,,2/24/2020,,,,,,,,,,,,,,,"
428,"10,Kyle O'Quinn,2/24/2020,Mike Scott,2/24/2020,Team Totals,2/24/2020,,,,,,,,,,,,,,,,,,,,,,,,,,,,,,,"
429,"0,Josh Richardson,38:55,,,,,,,,,,,,,,,,,,,,,.472,.375,.250,.333,6.3,9.3,8.0,9.2,0.0,2.1,6.8,16.2,111,115,-6.3"
430,"1,Joel Embiid,36:22,,,,,,,,,,,,,,,,,,,,,.801,.729,.125,.625,13.5,24.9,20.1,17.6,3.9,2.2,11.6,40.7,148,100,16.8"
431,"2,Tobias Harris,35:17,,,,,,,,,,,,,,,,,,,,,.633,.611,.333,.222,0.0,15.4,8.9,16.6,1.3,2.3,0.0,24.0,136,109,6.4"
432,"3,Al Horford,30:47,,,,,,,,,,,,,,,,,,,,,.438,.438,.500,.000,4.0,20.6,13.6,19.3,0.0,2.6,11.1,12.5,109,110,-2.1"
433,"4,Shake Milton,26:27,,,,,,,,,,,,,,,,,,,,,.500,.500,.429,.000,4.7,13.7,9.9,27.5,1.8,3.1,22.2,14.6,109,109,-0.8"
434,"5,Furkan Korkmaz,31:01,,,,,,,,,,,,,,,,,,,,,.677,.563,.875,.875,0.0,17.5,10.1,7.7,1.5,0.0,15.3,18.0,123,110,-0.4"
435,"6,Alec Burks,16:21,,,,,,,,,,,,,,,,,,,,,.700,.700,.600,.000,0.0,5.5,3.2,16.2,0.0,0.0,16.7,15.7,121,117,-4.0"
436,"7,Glenn Robinson,13:42,,,,,,,,,,,,,,,,,,,,,.600,.600,.200,.000,0.0,6.6,3.8,10.2,3.4,0.0,0.0,15.6,127,109,-1.1"
437,"8,Matisse Thybulle,11:08,,,,,,,,,,,,,,,,,,,,,.000,.000,.000,.000,11.1,0.0,4.7,9.6,8.4,0.0,0.0,3.8,107,101,-1.4"
438,"9,Raul Neto,240,,,,,,,,,,,,,,,,,,,,,.637,.580,.341,.341,23.1,73.6,52.2,60.0,8.8,8.5,9.8,100.0,125.8,109.2,"
439,"10,Kyle O'Quinn,Mike Scott,,,,,,,,,,,,,,,,,,,,,Team Totals,,,,,,,,,,,,,,"
440,"0,Ben Simmons,41:14,12,15,.800,0,0,,4,6,.667,3,7,10,8,4,0,5,3,28,+15,1/25/2020,,,,,,,,,,,,,,,"
441,"1,Tobias Harris,38:16,10,20,.500,3,8,.375,6,7,.857,1,7,8,1,0,1,3,3,29,+6,1/25/2020,,,,,,,,,,,,,,,"
442,"2,Matisse Thybulle,35:35,2,6,.333,2,6,.333,0,0,,1,0,1,1,5,1,2,0,6,+13,1/25/2020,,,,,,,,,,,,,,,"
443,"3,Al Horford,34:52,6,9,.667,2,5,.400,2,2,1.000,0,6,6,1,1,0,2,1,16,+11,1/25/2020,,,,,,,,,,,,,,,"
444,"4,Shake Milton,25:00,3,5,.600,1,3,.333,0,2,.000,1,8,9,3,1,0,1,2,7,+12,1/25/2020,,,,,,,,,,,,,,,"
445,"5,Furkan Korkmaz,23:00,3,11,.273,3,9,.333,0,0,,0,0,0,1,0,0,3,2,9,+5,1/25/2020,,,,,,,,,,,,,,,"
446,"6,Raul Neto,18:59,3,5,.600,2,3,.667,1,2,.500,1,1,2,3,1,1,3,4,9,+6,1/25/2020,,,,,,,,,,,,,,,"
447,"7,Mike Scott,9:44,1,3,.333,0,2,.000,0,0,,1,3,4,0,0,0,1,2,2,+11,1/25/2020,,,,,,,,,,,,,,,"
448,"8,James Ennis,8:32,1,4,.250,0,1,.000,0,0,,0,1,1,0,0,0,1,1,2,-1,1/25/2020,,,,,,,,,,,,,,,"
449,"9,Zhaire Smith,2:58,0,0,,0,0,,0,0,,0,0,0,1,0,0,0,0,0,+3,1/25/2020,,,,,,,,,,,,,,,"
450,"10,Jonah Bolden,0:55,0,0,,0,0,,0,0,,0,0,0,0,0,0,0,0,0,+2,1/25/2020,,,,,,,,,,,,,,,"
451,"11,Trey Burke,0:55,0,0,,0,0,,0,0,,0,0,0,0,0,0,0,0,0,+2,1/25/2020,,,,,,,,,,,,,,,"
452,"12,Kyle O'Quinn,240,41,78,.526,13,37,.351,13,19,.684,8,33,41,19,12,3,21,18,108,,1/25/2020,,,,,,,,,,,,,,,"
453,"13,Team Totals,1/25/2020,,,,,,,,,,,,,,,,,,,,,,,,,,,,,,,,,,,"
454,"0,Ben Simmons,41:14,,,,,,,,,,,,,,,,,,,,,.794,.800,.000,.400,9.4,20.9,15.3,34.5,4.7,0.0,22.1,24.5,137,88,13.8"
455,"1,Tobias Harris,38:16,,,,,,,,,,,,,,,,,,,,,.628,.575,.400,.350,3.4,22.5,13.2,4.4,0.0,2.8,11.5,30.5,116,95,2.4"
456,"2,Matisse Thybulle,35:35,,,,,,,,,,,,,,,,,,,,,.500,.500,1.000,.000,3.6,0.0,1.8,3.5,6.8,3.0,25.0,10.1,87,85,7.2"
457,"3,Al Horford,34:52,,,,,,,,,,,,,,,,,,,,,.810,.778,.556,.222,0.0,21.2,10.9,4.2,1.4,0.0,16.8,15.2,133,95,5.1"
458,"4,Shake Milton,25:00,,,,,,,,,,,,,,,,,,,,,.595,.700,.600,.400,5.2,39.4,22.7,16.3,1.9,0.0,14.5,12.3,121,91,4.0"
459,"5,Furkan Korkmaz,23:00,,,,,,,,,,,,,,,,,,,,,.409,.409,.818,.000,0.0,0.0,0.0,6.0,0.0,0.0,21.4,27.2,69,100,-11.9"
460,"6,Raul Neto,18:59,,,,,,,,,,,,,,,,,,,,,.765,.800,.600,.400,6.8,6.5,6.7,22.7,2.6,5.6,33.8,20.9,113,90,5.9"
461,"7,Mike Scott,9:44,,,,,,,,,,,,,,,,,,,,,.333,.333,.667,.000,13.3,37.9,26.0,0.0,0.0,0.0,25.0,18.4,66,94,-12.4"
462,"8,James Ennis,8:32,,,,,,,,,,,,,,,,,,,,,.250,.250,.250,.000,0.0,14.4,7.4,0.0,0.0,0.0,20.0,26.2,42,98,-20.9"
463,"9,Zhaire Smith,2:58,,,,,,,,,,,,,,,,,,,,,,,,,0.0,0.0,0.0,39.5,0.0,0.0,,0.0,232,101,8.7"
464,"10,Trey Burke,0:55,,,,,,,,,,,,,,,,,,,,,,,,,0.0,0.0,0.0,0.0,0.0,0.0,,0.0,0,101,-4.9"
465,"11,Jonah Bolden,0:55,,,,,,,,,,,,,,,,,,,,,,,,,0.0,0.0,0.0,0.0,0.0,0.0,,0.0,0,101,-2.2"
466,"12,Kyle O'Quinn,240,,,,,,,,,,,,,,,,,,,,,.625,.609,.474,.244,21.6,84.6,53.9,46.3,12.2,6.7,19.6,100.0,109.4,92.2,"
467,"13,Team Totals,,,,,,,,,,,,,,,,,,,,,,,,,,,,,,,,,,,,"
468,"0,Ben Simmons,32:17,6,11,.545,0,0,,3,5,.600,1,2,3,7,2,1,0,0,15,+15,2/25/2021,,,,,,,,,,,,,,,"
469,"1,Seth Curry,29:02,6,9,.667,3,3,1.000,0,0,,0,3,3,2,3,1,1,1,15,+17,2/25/2021,,,,,,,,,,,,,,,"
470,"2,Joel Embiid,27:41,5,20,.250,2,5,.400,11,12,.917,3,6,9,4,2,1,0,3,23,+7,2/25/2021,,,,,,,,,,,,,,,"
471,"3,Danny Green,23:16,2,4,.500,2,4,.500,0,0,,0,4,4,1,2,0,0,2,6,+5,2/25/2021,,,,,,,,,,,,,,,"
472,"4,Tobias Harris,22:17,2,7,.286,0,1,.000,2,2,1.000,0,2,2,2,1,0,0,0,6,+5,2/25/2021,,,,,,,,,,,,,,,"
473,"5,Mike Scott,21:37,2,5,.400,2,5,.400,0,0,,0,3,3,0,0,0,0,0,6,+16,2/25/2021,,,,,,,,,,,,,,,"
474,"6,Shake Milton,19:15,4,13,.308,0,3,.000,2,2,1.000,1,3,4,6,0,0,2,2,10,+17,2/25/2021,,,,,,,,,,,,,,,"
475,"7,Furkan Korkmaz,18:59,3,7,.429,2,5,.400,1,2,.500,0,1,1,2,0,0,0,2,9,+3,2/25/2021,,,,,,,,,,,,,,,"
476,"8,Dwight Howard,16:13,6,7,.857,0,1,.000,2,2,1.000,3,5,8,1,1,3,3,2,14,+14,2/25/2021,,,,,,,,,,,,,,,"
477,"9,Matisse Thybulle,10:01,0,1,.000,0,1,.000,0,0,,0,1,1,0,0,0,0,3,0,+3,2/25/2021,,,,,,,,,,,,,,,"
478,"10,Isaiah Joe,4:32,1,2,.500,1,1,1.000,0,0,,0,0,0,0,0,0,0,0,3,-7,2/25/2021,,,,,,,,,,,,,,,"
479,"11,Tyrese Maxey,4:32,1,2,.500,0,0,,0,0,,0,1,1,1,0,0,0,2,2,-9,2/25/2021,,,,,,,,,,,,,,,"
480,"12,Tony Bradley,4:06,1,1,1.000,0,0,,0,0,,0,0,0,0,0,0,0,0,2,-7,2/25/2021,,,,,,,,,,,,,,,"
481,"13,Terrance Ferguson,4:06,0,1,.000,0,0,,0,0,,0,0,0,0,0,0,0,1,0,-7,2/25/2021,,,,,,,,,,,,,,,"
482,"14,Vincent Poirier,2:06,0,0,,0,0,,0,0,,0,0,0,0,0,0,1,1,0,-2,2/25/2021,,,,,,,,,,,,,,,"
483,"15,Team Totals,240,39,90,.433,12,29,.414,21,25,.840,8,31,39,26,11,6,7,19,111,,2/25/2021,,,,,,,,,,,,,,,"
484,"0,Ben Simmons,32:17,,,,,,,,,,,,,,,,,,,,,.568,.545,.000,.455,3.1,7.3,5.0,34.6,3.1,3.4,0.0,18.2,134,103,8.2"
485,"1,Seth Curry,29:02,,,,,,,,,,,,,,,,,,,,,.833,.833,.333,.000,0.0,12.1,5.6,11.4,5.2,3.8,10.0,15.3,138,96,11.2"
486,"2,Joel Embiid,27:41,,,,,,,,,,,,,,,,,,,,,.455,.300,.250,.600,10.8,25.4,17.5,22.9,3.6,3.9,0.0,40.6,110,95,8.0"
487,"3,Danny Green,23:16,,,,,,,,,,,,,,,,,,,,,.750,.750,1.000,.000,0.0,20.1,9.3,5.9,4.3,0.0,0.0,7.6,143,98,3.4"
488,"4,Tobias Harris,22:17,,,,,,,,,,,,,,,,,,,,,.381,.286,.143,.286,0.0,10.5,4.8,12.4,2.3,0.0,0.0,15.7,91,106,-5.2"
489,"5,Mike Scott,21:37,,,,,,,,,,,,,,,,,,,,,.600,.600,1.000,.000,0.0,16.2,7.5,0.0,0.0,0.0,0.0,10.3,111,109,-2.7"
490,"6,Shake Milton,19:15,,,,,,,,,,,,,,,,,,,,,.360,.308,.231,.154,5.2,18.2,11.2,51.5,0.0,0.0,12.6,36.7,85,109,-9.5"
491,"7,Furkan Korkmaz,18:59,,,,,,,,,,,,,,,,,,,,,.571,.571,.714,.286,0.0,6.2,2.8,16.1,0.0,0.0,0.0,18.4,119,113,-0.9"
492,"8,Dwight Howard,16:13,,,,,,,,,,,,,,,,,,,,,.888,.857,.143,.286,18.5,36.1,26.6,13.9,3.1,20.2,27.6,29.8,126,84,14.7"
493,"9,Matisse Thybulle,10:01,,,,,,,,,,,,,,,,,,,,,.000,.000,1.000,.000,0.0,11.7,5.4,0.0,0.0,0.0,0.0,4.4,0,111,-17.1"
494,"10,Tyrese Maxey,4:32,,,,,,,,,,,,,,,,,,,,,.500,.500,.000,.000,0.0,25.8,11.9,37.3,0.0,0.0,0.0,19.6,116,106,-7.0"
495,"11,Isaiah Joe,4:32,,,,,,,,,,,,,,,,,,,,,.750,.750,.500,.000,0.0,0.0,0.0,0.0,0.0,0.0,0.0,19.6,129,115,5.8"
496,"12,Terrance Ferguson,4:06,,,,,,,,,,,,,,,,,,,,,.000,.000,.000,.000,0.0,0.0,0.0,0.0,0.0,0.0,0.0,10.8,0,114,-23.1"
497,"13,Tony Bradley,4:06,,,,,,,,,,,,,,,,,,,,,1.000,1.000,.000,.000,0.0,0.0,0.0,0.0,0.0,0.0,0.0,10.8,200,115,2.3"
498,"14,Vincent Poirier,2:06,,,,,,,,,,,,,,,,,,,,,,,,,0.0,0.0,0.0,0.0,0.0,0.0,100.0,21.2,0,114,-40.3"
499,"15,Team Totals,240,,,,,,,,,,,,,,,,,,,,,.550,.500,.322,.278,16.7,75.6,43.8,66.7,11.5,13.6,6.5,100.0,116.2,101.5,"
500,"0,Ben Simmons,39:03,8,15,.533,0,0,,1,2,.500,3,8,11,10,1,1,1,2,17,-11,1/27/2021,,,,,,,,,,,,,,,"
501,"1,Joel Embiid,37:43,8,18,.444,1,3,.333,11,13,.846,1,5,6,4,0,2,5,4,28,+8,1/27/2021,,,,,,,,,,,,,,,"
502,"2,Tobias Harris,36:40,10,16,.625,2,4,.500,2,4,.500,0,7,7,3,1,0,3,3,24,-3,1/27/2021,,,,,,,,,,,,,,,"
503,"3,Danny Green,36:14,5,11,.455,4,9,.444,0,0,,2,4,6,1,1,2,0,1,14,+8,1/27/2021,,,,,,,,,,,,,,,"
504,"4,Seth Curry,30:32,1,6,.167,0,3,.000,0,0,,0,1,1,3,1,1,1,3,2,+3,1/27/2021,,,,,,,,,,,,,,,"
505,"5,Shake Milton,20:35,4,8,.500,0,2,.000,1,1,1.000,0,3,3,3,1,0,1,3,9,+5,1/27/2021,,,,,,,,,,,,,,,"
506,"6,Matisse Thybulle,15:14,0,1,.000,0,1,.000,1,2,.500,0,0,0,0,3,0,0,3,1,+1,1/27/2021,,,,,,,,,,,,,,,"
507,"7,Furkan Korkmaz,10:37,3,5,.600,2,3,.667,0,0,,0,0,0,0,1,0,0,1,8,+4,1/27/2021,,,,,,,,,,,,,,,"
508,"8,Dwight Howard,7:27,0,0,,0,0,,0,4,.000,1,3,4,0,1,1,0,4,0,-6,1/27/2021,,,,,,,,,,,,,,,"
509,"9,Tyrese Maxey,5:55,2,5,.400,0,0,,0,0,,0,0,0,0,0,0,0,0,4,-4,1/27/2021,,,,,,,,,,,,,,,"
510,"10,Tony Bradley,240,41,85,.482,9,25,.360,16,26,.615,7,31,38,24,10,7,11,24,107,,1/27/2021,,,,,,,,,,,,,,,"
511,"11,Vincent Poirier,1/27/2021,Isaiah Joe,1/27/2021,Team Totals,1/27/2021,,,,,,,,,,,,,,,,,,,,,,,,,,,,,,,"
512,"0,Ben Simmons,39:03,,,,,,,,,,,,,,,,,,,,,.535,.533,.000,.133,9.7,26.6,18.0,39.4,1.2,2.0,5.9,19.3,127,109,8.2"
513,"1,Joel Embiid,37:43,,,,,,,,,,,,,,,,,,,,,.590,.472,.167,.722,3.3,17.2,10.2,16.5,0.0,4.1,17.4,34.0,106,110,1.7"
514,"2,Tobias Harris,36:40,,,,,,,,,,,,,,,,,,,,,.676,.688,.250,.250,0.0,24.8,12.2,14.1,1.3,0.0,14.5,25.3,114,110,4.0"
515,"3,Danny Green,36:14,,,,,,,,,,,,,,,,,,,,,.636,.636,.818,.000,7.0,14.3,10.6,3.9,1.3,4.3,0.0,13.6,132,108,6.9"
516,"4,Seth Curry,30:32,,,,,,,,,,,,,,,,,,,,,.167,.167,.500,.000,0.0,4.2,2.1,12.0,1.6,2.5,14.3,10.2,53,110,-9.1"
517,"5,Shake Milton,20:35,,,,,,,,,,,,,,,,,,,,,.533,.500,.250,.125,0.0,18.9,9.3,22.1,2.4,0.0,10.6,20.5,107,109,-1.4"
518,"6,Matisse Thybulle,15:14,,,,,,,,,,,,,,,,,,,,,.266,.000,1.000,2.000,0.0,0.0,0.0,0.0,9.6,0.0,0.0,5.5,60,96,1.0"
519,"7,Furkan Korkmaz,10:37,,,,,,,,,,,,,,,,,,,,,.800,.800,.600,.000,0.0,0.0,0.0,0.0,4.6,0.0,0.0,21.0,145,107,14.0"
520,"8,Dwight Howard,7:27,,,,,,,,,,,,,,,,,,,,,.000,,,,17.0,52.2,34.4,0.0,6.5,10.4,0.0,10.6,41,84,-9.2"
521,"9,Tyrese Maxey,5:55,,,,,,,,,,,,,,,,,,,,,.400,.400,.000,.000,0.0,0.0,0.0,0.0,0.0,0.0,0.0,37.8,78,117,-11.4"
522,"10,Tony Bradley,240,,,,,,,,,,,,,,,,,,,,,.555,.535,.294,.306,18.4,83.8,50.7,58.5,10.2,11.3,10.2,100.0,108.7,107.7,"
523,"11,Vincent Poirier,Isaiah Joe,,,,,,,,,,,,,,,,,,,,,Team Totals,,,,,,,,,,,,,,"
524,"0,Tobias Harris,35:23,14,21,.667,3,6,.500,3,3,1.000,1,6,7,7,1,1,1,4,34,-6,2/27/2020,,,,,,,,,,,,,,,"
525,"1,Josh Richardson,34:10,5,13,.385,0,4,.000,1,2,.500,1,6,7,3,1,2,0,2,11,-5,2/27/2020,,,,,,,,,,,,,,,"
526,"2,Al Horford,33:39,5,10,.500,4,4,1.000,1,2,.500,1,6,7,9,1,1,1,1,15,+12,2/27/2020,,,,,,,,,,,,,,,"
527,"3,Shake Milton,31:34,6,7,.857,5,5,1.000,2,2,1.000,1,2,3,4,1,2,1,3,19,+5,2/27/2020,,,,,,,,,,,,,,,"
528,"4,Glenn Robinson,21:05,2,6,.333,0,0,,0,0,,2,1,3,2,0,0,1,1,4,+6,2/27/2020,,,,,,,,,,,,,,,"
529,"5,Furkan Korkmaz,25:30,5,9,.556,1,3,.333,0,0,,0,1,1,2,0,0,1,0,11,+4,2/27/2020,,,,,,,,,,,,,,,"
530,"6,Alec Burks,17:57,2,10,.200,1,4,.250,2,2,1.000,0,4,4,2,0,0,0,1,7,+11,2/27/2020,,,,,,,,,,,,,,,"
531,"7,Matisse Thybulle,14:41,3,8,.375,0,2,.000,0,0,,1,0,1,1,1,0,0,0,6,+4,2/27/2020,,,,,,,,,,,,,,,"
532,"8,Kyle O'Quinn,14:21,1,2,.500,0,0,,1,2,.500,3,7,10,1,0,1,0,4,3,-3,2/27/2020,,,,,,,,,,,,,,,"
533,"9,Mike Scott,11:40,2,5,.400,1,3,.333,0,0,,1,0,1,1,0,0,1,1,5,+17,2/27/2020,,,,,,,,,,,,,,,"
534,"10,Norvel Pelle,240,45,91,.495,15,31,.484,10,13,.769,11,33,44,32,5,7,6,17,115,,2/27/2020,,,,,,,,,,,,,,,"
535,"11,Raul Neto,2/27/2020,Team Totals,2/27/2020,,,,,,,,,,,,,,,,,,,,,,,,,,,,,,,,,"
536,"0,Tobias Harris,35:23,,,,,,,,,,,,,,,,,,,,,.762,.738,.286,.143,3.3,19.4,11.4,36.5,1.5,2.3,4.3,30.8,154,115,15.6"
537,"1,Josh Richardson,34:10,,,,,,,,,,,,,,,,,,,,,.396,.385,.308,.154,3.4,20.1,11.8,11.1,1.6,4.7,0.0,19.0,100,114,-6.4"
538,"2,Al Horford,33:39,,,,,,,,,,,,,,,,,,,,,.689,.700,.400,.200,3.5,20.4,12.0,33.9,1.6,2.4,8.4,16.5,149,116,11.4"
539,"3,Shake Milton,31:34,,,,,,,,,,,,,,,,,,,,,1.206,1.214,.714,.286,3.7,7.2,5.5,17.0,1.7,5.1,11.3,13.1,199,115,15.0"
540,"4,Glenn Robinson,21:05,,,,,,,,,,,,,,,,,,,,,.333,.333,.000,.000,11.1,5.4,8.2,11.3,0.0,0.0,14.3,15.5,92,124,-13.1"
541,"5,Furkan Korkmaz,25:30,,,,,,,,,,,,,,,,,,,,,.611,.611,.333,.000,0.0,4.5,2.3,10.6,0.0,0.0,10.0,18.3,114,125,-6.3"
542,"6,Alec Burks,17:57,,,,,,,,,,,,,,,,,,,,,.322,.250,.400,.200,0.0,25.5,12.9,13.5,0.0,0.0,0.0,28.3,85,120,-15.7"
543,"7,Matisse Thybulle,14:41,,,,,,,,,,,,,,,,,,,,,.375,.375,.250,.000,8.0,0.0,3.9,9.3,3.6,0.0,0.0,25.5,94,118,-9.9"
544,"8,Kyle O'Quinn,14:21,,,,,,,,,,,,,,,,,,,,,.521,.500,.000,1.000,24.5,55.7,40.3,8.0,0.0,5.6,0.0,9.4,155,106,-4.3"
545,"9,Mike Scott,11:40,,,,,,,,,,,,,,,,,,,,,.500,.500,.600,.000,10.0,0.0,5.0,11.2,0.0,0.0,16.7,24.0,98,125,-10.7"
546,"10,Norvel Pelle,240,,,,,,,,,,,,,,,,,,,,,.594,.577,.341,.143,26.8,78.6,53.0,71.1,5.5,11.7,5.8,100.0,127.6,117.7,"
547,"11,Raul Neto,Team Totals,,,,,,,,,,,,,,,,,,,,,,,,,,,,,,,,,,,"
548,"0,Ben Simmons,40:47,11,17,.647,1,1,1.000,1,4,.250,1,6,7,8,1,0,7,4,24,-3,2/27/2021,,,,,,,,,,,,,,,"
549,"1,Joel Embiid,40:28,13,22,.591,2,3,.667,14,16,.875,3,10,13,6,1,2,3,4,42,+5,2/27/2021,,,,,,,,,,,,,,,"
550,"2,Seth Curry,38:49,1,13,.077,1,7,.143,1,2,.500,0,2,2,2,1,0,1,1,4,+7,2/27/2021,,,,,,,,,,,,,,,"
551,"3,Danny Green,36:41,3,8,.375,3,8,.375,0,0,,1,3,4,1,2,3,2,4,9,-1,2/27/2021,,,,,,,,,,,,,,,"
552,"4,Furkan Korkmaz,19:34,3,9,.333,1,5,.200,1,3,.333,1,3,4,1,0,0,1,1,8,-3,2/27/2021,,,,,,,,,,,,,,,"
553,"5,Shake Milton,31:41,3,8,.375,0,2,.000,5,6,.833,1,5,6,2,1,2,1,5,11,-5,2/27/2021,,,,,,,,,,,,,,,"
554,"6,Mike Scott,19:03,2,2,1.000,1,1,1.000,0,2,.000,0,4,4,1,1,0,1,1,5,-1,2/27/2021,,,,,,,,,,,,,,,"
555,"7,Matisse Thybulle,17:27,2,3,.667,1,1,1.000,0,0,,0,1,1,1,2,1,0,2,5,-6,2/27/2021,,,,,,,,,,,,,,,"
556,"8,Dwight Howard,12:31,0,1,.000,0,0,,1,2,.500,1,3,4,2,0,1,3,4,1,-8,2/27/2021,,,,,,,,,,,,,,,"
557,"9,Tyrese Maxey,7:57,0,0,,0,0,,0,0,,0,1,1,1,0,1,0,0,0,0,2/27/2021,,,,,,,,,,,,,,,"
558,"10,Terrance Ferguson,265,38,83,.458,10,28,.357,23,35,.657,8,38,46,25,9,10,19,26,109,,2/27/2021,,,,,,,,,,,,,,,"
559,"11,Tony Bradley,2/27/2021,Isaiah Joe,2/27/2021,Vincent Poirier,2/27/2021,Team Totals,2/27/2021,,,,,,,,,,,,,,,,,,,,,,,,,,,,,"
560,"0,Ben Simmons,40:47,,,,,,,,,,,,,,,,,,,,,.640,.676,.059,.235,2.8,15.3,9.3,43.9,1.2,0.0,27.2,28.5,98,106,-1.7"
561,"1,Joel Embiid,40:28,,,,,,,,,,,,,,,,,,,,,.723,.636,.136,.727,8.4,25.7,17.4,37.5,1.2,3.6,9.4,35.7,139,100,17.5"
562,"2,Seth Curry,38:49,,,,,,,,,,,,,,,,,,,,,.144,.115,.538,.154,0.0,5.4,2.8,7.5,1.3,0.0,6.7,17.3,38,109,-16.4"
563,"3,Danny Green,36:41,,,,,,,,,,,,,,,,,,,,,.563,.563,1.000,.000,3.1,8.5,5.9,4.3,2.7,5.9,20.0,12.3,90,101,0.3"
564,"4,Furkan Korkmaz,19:34,,,,,,,,,,,,,,,,,,,,,.388,.389,.556,.333,5.8,15.9,11.1,9.1,0.0,0.0,8.8,26.1,79,109,-10.4"
565,"5,Shake Milton,31:41,,,,,,,,,,,,,,,,,,,,,.517,.375,.250,.750,3.6,16.4,10.2,10.1,1.5,4.6,8.6,16.6,108,102,-2.8"
566,"6,Mike Scott,19:03,,,,,,,,,,,,,,,,,,,,,.868,1.250,.500,1.000,0.0,21.8,11.4,8.6,2.6,0.0,25.8,9.2,103,101,2.1"
567,"7,Matisse Thybulle,17:27,,,,,,,,,,,,,,,,,,,,,.833,.833,.333,.000,0.0,6.0,3.1,9.5,5.6,4.2,0.0,7.8,162,97,9.1"
568,"8,Dwight Howard,12:31,,,,,,,,,,,,,,,,,,,,,.266,.000,.000,2.000,9.0,24.9,17.3,22.3,0.0,5.8,61.5,17.6,52,101,-14.3"
569,"9,Tyrese Maxey,7:57,,,,,,,,,,,,,,,,,,,,,,,,,0.0,13.1,6.8,17.5,0.0,9.1,,0.0,226,103,2.8"
570,"10,Terrance Ferguson,265,,,,,,,,,,,,,,,,,,,,,.554,.518,.337,.422,17.0,74.5,46.9,65.8,8.3,13.7,16.2,100.0,100.4,103.2,"
571,"11,Tony Bradley,Isaiah Joe,,,,,,,,,,,,,,,,,,,,,Vincent Poirier,Team Totals,,,,,,,,,,,,,"
572,"0,Tobias Harris,36:46,6,10,.600,1,3,.333,1,2,.500,0,7,7,4,0,0,2,1,14,+11,1/28/2020,,,,,,,,,,,,,,,"
573,"1,Al Horford,31:29,4,11,.364,2,6,.333,2,2,1.000,0,11,11,8,1,0,2,1,12,+7,1/28/2020,,,,,,,,,,,,,,,"
574,"2,Ben Simmons,27:16,4,11,.364,0,0,,9,10,.900,0,4,4,5,1,0,2,2,17,-4,1/28/2020,,,,,,,,,,,,,,,"
575,"3,Joel Embiid,26:15,9,13,.692,1,3,.333,5,8,.625,2,8,10,1,0,1,5,2,24,+10,1/28/2020,,,,,,,,,,,,,,,"
576,"4,Shake Milton,25:45,5,6,.833,1,2,.500,0,0,,0,1,1,2,1,0,2,3,11,+8,1/28/2020,,,,,,,,,,,,,,,"
577,"5,Matisse Thybulle,23:47,2,5,.400,1,4,.250,0,0,,0,2,2,3,0,0,0,4,5,-4,1/28/2020,,,,,,,,,,,,,,,"
578,"6,Furkan Korkmaz,21:55,3,7,.429,2,6,.333,0,0,,0,2,2,2,0,2,1,1,8,+6,1/28/2020,,,,,,,,,,,,,,,"
579,"7,Raul Neto,20:44,7,10,.700,3,5,.600,2,2,1.000,0,2,2,2,1,0,0,3,19,+15,1/28/2020,,,,,,,,,,,,,,,"
580,"8,Mike Scott,11:14,0,2,.000,0,1,.000,0,0,,0,2,2,1,0,0,0,0,0,0,1/28/2020,,,,,,,,,,,,,,,"
581,"9,Zhaire Smith,9:50,1,5,.200,0,2,.000,1,2,.500,0,1,1,0,1,0,0,1,3,+2,1/28/2020,,,,,,,,,,,,,,,"
582,"10,James Ennis,4:59,1,2,.500,0,0,,0,0,,0,2,2,0,0,0,0,0,2,+4,1/28/2020,,,,,,,,,,,,,,,"
583,"11,Trey Burke,240,42,82,.512,11,32,.344,20,26,.769,2,42,44,28,5,3,14,18,115,,1/28/2020,,,,,,,,,,,,,,,"
584,"12,Kyle O'Quinn,1/28/2020,Team Totals,1/28/2020,,,,,,,,,,,,,,,,,,,,,,,,,,,,,,,,,"
585,"0,Tobias Harris,36:46,,,,,,,,,,,,,,,,,,,,,.643,.650,.300,.200,0.0,19.0,10.9,15.3,0.0,0.0,15.5,15.7,110,105,-0.2"
586,"1,Al Horford,31:29,,,,,,,,,,,,,,,,,,,,,.505,.455,.545,.182,0.0,34.9,20.0,34.0,1.5,0.0,14.4,19.7,105,98,5.6"
587,"2,Ben Simmons,27:16,,,,,,,,,,,,,,,,,,,,,.552,.364,.000,.909,0.0,14.7,8.4,25.2,1.7,0.0,11.5,28.5,110,101,-0.2"
588,"3,Joel Embiid,26:15,,,,,,,,,,,,,,,,,,,,,.726,.731,.231,.615,10.2,30.5,21.8,7.2,0.0,3.9,23.2,36.6,106,99,2.0"
589,"4,Shake Milton,25:45,,,,,,,,,,,,,,,,,,,,,.917,.917,.333,.000,0.0,3.9,2.2,11.4,1.8,0.0,25.0,13.9,125,103,0.6"
590,"5,Matisse Thybulle,23:47,,,,,,,,,,,,,,,,,,,,,.500,.500,.800,.000,0.0,8.4,4.8,15.9,0.0,0.0,0.0,9.4,114,106,-3.3"
591,"6,Furkan Korkmaz,21:55,,,,,,,,,,,,,,,,,,,,,.571,.571,.857,.000,0.0,9.1,5.2,12.4,0.0,9.3,12.5,16.3,99,99,2.5"
592,"7,Raul Neto,20:44,,,,,,,,,,,,,,,,,,,,,.873,.850,.500,.200,0.0,9.6,5.5,18.0,2.3,0.0,0.0,23.4,163,101,14.9"
593,"8,Mike Scott,11:14,,,,,,,,,,,,,,,,,,,,,.000,.000,.500,.000,0.0,17.8,10.2,10.2,0.0,0.0,0.0,8.0,30,105,-7.8"
594,"9,Zhaire Smith,9:50,,,,,,,,,,,,,,,,,,,,,.255,.200,.400,.400,0.0,10.2,5.8,0.0,4.7,0.0,0.0,26.7,51,95,-14.4"
595,"10,James Ennis,4:59,,,,,,,,,,,,,,,,,,,,,.500,.500,.000,.000,0.0,40.1,22.9,0.0,0.0,0.0,0.0,17.9,90,101,-3.5"
596,"11,Trey Burke,240,,,,,,,,,,,,,,,,,,,,,.615,.579,.390,.317,5.6,87.5,52.4,66.7,4.9,6.4,13.0,100.0,111.8,101.1,"
597,"12,Kyle O'Quinn,Team Totals,,,,,,,,,,,,,,,,,,,,,,,,,,,,,,,,,,,"
598,"0,Joel Embiid,37:53,7,17,.412,1,6,.167,14,16,.875,4,12,16,4,2,2,5,1,29,+15,12/29/2020,,,,,,,,,,,,,,,"
599,"1,Tobias Harris,37:52,11,20,.550,2,5,.400,2,2,1.000,2,9,11,3,2,2,2,1,26,+21,12/29/2020,,,,,,,,,,,,,,,"
600,"2,Ben Simmons,36:46,3,11,.273,0,0,,5,8,.625,0,13,13,7,1,1,3,1,11,+10,12/29/2020,,,,,,,,,,,,,,,"
601,"3,Seth Curry,32:38,5,11,.455,3,6,.500,4,4,1.000,1,5,6,4,1,1,3,4,17,+1,12/29/2020,,,,,,,,,,,,,,,"
602,"4,Danny Green,28:34,3,7,.429,1,4,.250,0,0,,1,1,2,0,2,2,2,1,7,+5,12/29/2020,,,,,,,,,,,,,,,"
603,"5,Shake Milton,25:40,2,10,.200,1,6,.167,2,2,1.000,0,1,1,2,2,0,0,3,7,+6,12/29/2020,,,,,,,,,,,,,,,"
604,"6,Matisse Thybulle,12:21,0,2,.000,0,0,,0,0,,0,0,0,0,0,0,0,0,0,-8,12/29/2020,,,,,,,,,,,,,,,"
605,"7,Mike Scott,10:08,1,3,.333,0,2,.000,1,1,1.000,1,1,2,0,0,1,0,2,3,-14,12/29/2020,,,,,,,,,,,,,,,"
606,"8,Dwight Howard,10:07,0,0,,0,0,,0,0,,0,3,3,0,0,1,3,2,0,-8,12/29/2020,,,,,,,,,,,,,,,"
607,"9,Tyrese Maxey,8:01,0,3,.000,0,2,.000,0,0,,0,0,0,1,0,0,0,0,0,+7,12/29/2020,,,,,,,,,,,,,,,"
608,"10,Dakota Mathias,240,32,84,.381,8,31,.258,28,33,.848,9,45,54,21,10,10,18,15,100,,12/29/2020,,,,,,,,,,,,,,,"
609,"11,Terrance Ferguson,12/29/2020,Vincent Poirier,12/29/2020,Isaiah Joe,12/29/2020,Tony Bradley,12/29/2020,Team Totals,12/29/2020,,,,,,,,,,,,,,,,,,,,,,,,,,,"
610,"0,Joel Embiid,37:53,,,,,,,,,,,,,,,,,,,,,.603,.441,.353,.941,11.0,27.6,20.1,21.9,2.4,5.6,17.2,31.6,112,84,9.5"
611,"1,Tobias Harris,37:52,,,,,,,,,,,,,,,,,,,,,.623,.600,.250,.100,5.5,20.7,13.8,21.1,2.4,5.6,8.7,24.9,116,86,10.7"
612,"2,Ben Simmons,36:46,,,,,,,,,,,,,,,,,,,,,.379,.273,.000,.727,0.0,30.9,16.8,32.5,1.3,2.9,17.1,19.6,81,87,-1.0"
613,"3,Seth Curry,32:38,,,,,,,,,,,,,,,,,,,,,.666,.591,.545,.364,3.2,13.4,8.7,23.9,1.4,3.3,19.0,19.9,114,93,3.7"
614,"4,Danny Green,28:34,,,,,,,,,,,,,,,,,,,,,.500,.500,.571,.000,3.7,3.1,3.3,0.0,3.2,7.5,22.2,13.0,77,90,0.3"
615,"5,Shake Milton,25:40,,,,,,,,,,,,,,,,,,,,,.322,.250,.600,.200,0.0,3.4,1.9,13.2,3.6,0.0,0.0,17.5,78,93,-4.8"
616,"6,Matisse Thybulle,12:21,,,,,,,,,,,,,,,,,,,,,.000,.000,.000,.000,0.0,0.0,0.0,0.0,0.0,0.0,0.0,6.7,0,104,-11.7"
617,"7,Mike Scott,10:08,,,,,,,,,,,,,,,,,,,,,.436,.333,.667,.333,10.3,8.6,9.4,0.0,0.0,10.5,0.0,14.0,105,94,-3.0"
618,"8,Dwight Howard,10:07,,,,,,,,,,,,,,,,,,,,,,,,,0.0,25.9,14.1,0.0,0.0,10.5,100.0,12.2,0,87,-18.6"
619,"9,Tyrese Maxey,8:01,,,,,,,,,,,,,,,,,,,,,.000,.000,.667,.000,0.0,0.0,0.0,18.7,0.0,0.0,0.0,15.4,18,104,-15.9"
620,"10,Tony Bradley,240,,,,,,,,,,,,,,,,,,,,,.508,.429,.369,.393,19.6,81.8,53.5,65.6,9.6,22.2,15.4,100.0,96.3,89.6,"
621,"11,Dakota Mathias,Terrance Ferguson,,,,,,,,,,,,,,,,,,,,,Vincent Poirier,Isaiah Joe,Team Totals,,,,,,,,,,,,"
622,"0,Tobias Harris,36:52,9,14,.643,4,7,.571,2,2,1.000,0,9,9,6,4,3,5,2,24,+20,1/2/2021,,,,,,,,,,,,,,,"
623,"1,Joel Embiid,36:44,7,11,.636,1,2,.500,4,6,.667,3,11,14,4,1,1,5,2,19,+19,1/2/2021,,,,,,,,,,,,,,,"
624,"2,Ben Simmons,36:32,6,9,.667,0,0,,3,5,.600,1,11,12,11,1,1,4,4,15,+11,1/2/2021,,,,,,,,,,,,,,,"
625,"3,Seth Curry,34:15,8,11,.727,3,6,.500,2,2,1.000,0,0,0,6,1,1,2,0,21,+13,1/2/2021,,,,,,,,,,,,,,,"
626,"4,Danny Green,25:47,4,7,.571,3,6,.500,2,3,.667,1,1,2,4,0,0,1,3,13,+6,1/2/2021,,,,,,,,,,,,,,,"
627,"5,Shake Milton,25:14,7,13,.538,3,8,.375,1,2,.500,1,3,4,1,1,0,1,2,18,+5,1/2/2021,,,,,,,,,,,,,,,"
628,"6,Tyrese Maxey,17:55,4,8,.500,1,2,.500,0,0,,0,2,2,2,1,0,1,1,9,+2,1/2/2021,,,,,,,,,,,,,,,"
629,"7,Matisse Thybulle,15:25,1,4,.250,1,4,.250,0,0,,1,0,1,1,1,1,0,2,3,+3,1/2/2021,,,,,,,,,,,,,,,"
630,"8,Dwight Howard,11:16,1,2,.500,0,0,,3,4,.750,0,1,1,0,0,0,2,1,5,-4,1/2/2021,,,,,,,,,,,,,,,"
631,"9,Vincent Poirier,240,47,79,.595,16,35,.457,17,24,.708,7,38,45,35,10,7,21,17,127,,1/2/2021,,,,,,,,,,,,,,,"
632,"10,Isaiah Joe,1/2/2021,Tony Bradley,1/2/2021,Terrance Ferguson,1/2/2021,Paul Reed,1/2/2021,Dakota Mathias,1/2/2021,Team Totals,1/2/2021,,,,,,,,,,,,,,,,,,,,,,,,,"
633,"0,Tobias Harris,36:52,,,,,,,,,,,,,,,,,,,,,.806,.786,.500,.143,0.0,22.5,13.8,22.1,5.2,6.9,25.2,23.4,121,98,11.8"
634,"1,Joel Embiid,36:44,,,,,,,,,,,,,,,,,,,,,.696,.682,.182,.545,11.9,27.6,21.5,13.8,1.3,2.3,26.8,22.0,114,108,-1.1"
635,"2,Ben Simmons,36:32,,,,,,,,,,,,,,,,,,,,,.670,.667,.000,.556,4.0,27.8,18.5,36.9,1.3,2.3,26.3,18.1,129,108,3.2"
636,"3,Seth Curry,34:15,,,,,,,,,,,,,,,,,,,,,.884,.864,.545,.182,0.0,0.0,0.0,23.5,1.4,2.5,14.4,17.6,154,119,7.0"
637,"4,Danny Green,25:47,,,,,,,,,,,,,,,,,,,,,.781,.786,.857,.429,5.6,3.6,4.4,18.8,0.0,0.0,10.7,15.7,149,123,2.0"
638,"5,Shake Milton,25:14,,,,,,,,,,,,,,,,,,,,,.648,.654,.615,.154,5.8,11.0,9.0,5.6,1.9,0.0,6.7,25.6,119,115,-1.6"
639,"6,Tyrese Maxey,17:55,,,,,,,,,,,,,,,,,,,,,.563,.563,.250,.000,0.0,10.3,6.3,14.8,2.7,0.0,11.1,21.8,106,114,-4.1"
640,"7,Matisse Thybulle,15:25,,,,,,,,,,,,,,,,,,,,,.375,.375,1.000,.000,9.4,0.0,3.7,7.1,3.1,5.5,0.0,11.3,107,113,-1.8"
641,"8,Dwight Howard,11:16,,,,,,,,,,,,,,,,,,,,,.665,.500,.000,2.000,0.0,8.2,5.0,0.0,0.0,0.0,34.7,22.2,86,121,-14.8"
642,"9,Dakota Mathias,240,,,,,,,,,,,,,,,,,,,,,.709,.696,.443,.304,21.2,73.1,52.9,74.5,9.9,12.3,19.0,100.0,126.3,111.3,"
643,"10,Vincent Poirier,Isaiah Joe,,,,,,,,,,,,,,,,,,,,,Tony Bradley,Terrance Ferguson,Paul Reed,Team Totals,,,,,,,,,,,"
644,"0,Josh Richardson,33:58,5,15,.333,3,8,.375,6,6,1.000,1,0,1,2,1,1,1,3,19,-1,8/3/2020,,,,,,,,,,,,,,,"
645,"1,Joel Embiid,31:14,9,17,.529,0,2,.000,9,12,.750,2,7,9,5,1,0,4,2,27,-3,8/3/2020,,,,,,,,,,,,,,,"
646,"2,Tobias Harris,30:47,10,17,.588,3,5,.600,2,2,1.000,1,5,6,4,1,1,3,5,25,+7,8/3/2020,,,,,,,,,,,,,,,"
647,"3,Shake Milton,25:50,6,9,.667,2,4,.500,2,2,1.000,1,4,5,3,0,0,1,3,16,+3,8/3/2020,,,,,,,,,,,,,,,"
648,"4,Ben Simmons,25:07,4,6,.667,0,0,,0,0,,0,2,2,5,1,1,2,6,8,-3,8/3/2020,,,,,,,,,,,,,,,"
649,"5,Al Horford,31:50,4,7,.571,1,2,.500,0,0,,3,3,6,3,0,2,0,0,9,+17,8/3/2020,,,,,,,,,,,,,,,"
650,"6,Furkan Korkmaz,21:07,3,7,.429,3,6,.500,3,4,.750,0,3,3,0,1,0,0,1,12,+4,8/3/2020,,,,,,,,,,,,,,,"
651,"7,Matisse Thybulle,18:43,2,5,.400,1,3,.333,0,0,,0,1,1,1,1,1,0,2,5,-10,8/3/2020,,,,,,,,,,,,,,,"
652,"8,Raul Neto,11:24,2,3,.667,0,0,,4,4,1.000,0,1,1,1,0,0,2,3,8,-1,8/3/2020,,,,,,,,,,,,,,,"
653,"9,Alec Burks,9:57,1,1,1.000,1,1,1.000,0,0,,0,1,1,2,0,0,0,0,3,-3,8/3/2020,,,,,,,,,,,,,,,"
654,"10,Marial Shayok,240,46,87,.529,14,31,.452,26,30,.867,8,27,35,26,6,6,13,25,132,,8/3/2020,,,,,,,,,,,,,,,"
655,"11,Norvel Pelle,8/3/2020,Team Totals,8/3/2020,,,,,,,,,,,,,,,,,,,,,,,,,,,,,,,,,"
656,"0,Josh Richardson,33:58,,,,,,,,,,,,,,,,,,,,,.539,.433,.533,.400,3.6,0.0,1.8,7.3,1.4,2.1,5.4,23.3,115,131,-3.8"
657,"1,Joel Embiid,31:14,,,,,,,,,,,,,,,,,,,,,.606,.529,.118,.706,7.9,26.9,17.5,23.9,1.5,0.0,15.2,35.7,117,124,0.9"
658,"2,Tobias Harris,30:47,,,,,,,,,,,,,,,,,,,,,.699,.676,.294,.118,4.0,19.5,11.8,20.5,1.5,2.3,14.4,28.8,125,124,3.9"
659,"3,Shake Milton,25:50,,,,,,,,,,,,,,,,,,,,,.810,.778,.444,.222,4.8,18.6,11.8,16.0,0.0,0.0,9.2,17.9,154,130,3.0"
660,"4,Ben Simmons,25:07,,,,,,,,,,,,,,,,,,,,,.667,.667,.000,.000,0.0,9.6,4.8,24.9,1.9,2.9,25.0,13.5,119,126,-3.4"
661,"5,Al Horford,31:50,,,,,,,,,,,,,,,,,,,,,.643,.643,.286,.000,11.6,11.3,11.5,11.3,0.0,4.5,0.0,9.3,156,129,3.2"
662,"6,Furkan Korkmaz,21:07,,,,,,,,,,,,,,,,,,,,,.685,.643,.857,.571,0.0,17.0,8.6,0.0,2.2,0.0,0.0,17.6,139,125,2.1"
663,"7,Matisse Thybulle,18:43,,,,,,,,,,,,,,,,,,,,,.500,.500,.600,.000,0.0,6.4,3.2,6.3,2.5,3.8,0.0,11.3,110,125,-1.0"
664,"8,Raul Neto,11:24,,,,,,,,,,,,,,,,,,,,,.840,.667,.000,1.333,0.0,10.5,5.3,11.2,0.0,0.0,29.6,25.1,123,132,-7.9"
665,"9,Alec Burks,9:57,,,,,,,,,,,,,,,,,,,,,1.500,1.500,1.000,.000,0.0,12.1,6.1,23.4,0.0,0.0,0.0,4.3,266,132,8.2"
666,"10,Marial Shayok,240,,,,,,,,,,,,,,,,,,,,,.659,.609,.356,.345,20.5,67.5,44.3,56.5,5.8,9.0,11.5,100.0,128.6,126.7,"
667,"11,Norvel Pelle,Team Totals,,,,,,,,,,,,,,,,,,,,,,,,,,,,,,,,,,,"
668,"0,Ben Simmons,34:59,6,13,.462,0,0,,0,0,,1,9,10,6,0,1,2,2,12,+7,1/4/2021,,,,,,,,,,,,,,,"
669,"1,Tobias Harris,29:37,10,16,.625,2,5,.400,0,0,,1,4,5,2,0,0,1,1,22,+24,1/4/2021,,,,,,,,,,,,,,,"
670,"2,Seth Curry,25:34,4,7,.571,2,2,1.000,1,1,1.000,0,1,1,2,0,1,2,2,11,+20,1/4/2021,,,,,,,,,,,,,,,"
671,"3,Joel Embiid,24:54,4,10,.400,0,3,.000,6,8,.750,1,10,11,4,2,3,1,1,14,+18,1/4/2021,,,,,,,,,,,,,,,"
672,"4,Danny Green,22:53,5,10,.500,3,8,.375,0,0,,2,4,6,3,1,0,1,1,13,+21,1/4/2021,,,,,,,,,,,,,,,"
673,"5,Shake Milton,26:43,3,11,.273,1,6,.167,3,3,1.000,1,1,2,6,1,0,0,2,10,+15,1/4/2021,,,,,,,,,,,,,,,"
674,"6,Tyrese Maxey,21:13,4,10,.400,2,3,.667,1,1,1.000,0,2,2,2,1,0,0,2,11,-3,1/4/2021,,,,,,,,,,,,,,,"
675,"7,Dwight Howard,17:31,4,6,.667,0,0,,1,4,.250,6,7,13,1,0,0,3,4,9,+6,1/4/2021,,,,,,,,,,,,,,,"
676,"8,Matisse Thybulle,16:17,2,5,.400,0,3,.000,0,0,,0,2,2,4,2,0,0,0,4,-1,1/4/2021,,,,,,,,,,,,,,,"
677,"9,Vincent Poirier,5:35,0,1,.000,0,0,,2,4,.500,1,0,1,1,0,0,0,1,2,-7,1/4/2021,,,,,,,,,,,,,,,"
678,"10,Isaiah Joe,5:35,0,2,.000,0,1,.000,0,0,,1,1,2,3,0,0,0,3,0,-7,1/4/2021,,,,,,,,,,,,,,,"
679,"11,Dakota Mathias,4:00,3,3,1.000,1,1,1.000,1,2,.500,0,0,0,0,0,0,0,1,8,-5,1/4/2021,,,,,,,,,,,,,,,"
680,"12,Terrance Ferguson,3:45,0,0,,0,0,,0,0,,0,0,0,0,0,0,0,0,0,-4,1/4/2021,,,,,,,,,,,,,,,"
681,"13,Paul Reed,1:24,1,1,1.000,0,0,,0,0,,0,0,0,0,0,0,0,1,2,+1,1/4/2021,,,,,,,,,,,,,,,"
682,"14,Tony Bradley,240,46,95,.484,11,32,.344,15,23,.652,14,41,55,34,7,5,10,21,118,,1/4/2021,,,,,,,,,,,,,,,"
683,"15,Team Totals,1/4/2021,,,,,,,,,,,,,,,,,,,,,,,,,,,,,,,,,,,"
684,"0,Ben Simmons,34:59,,,,,,,,,,,,,,,,,,,,,.462,.462,.000,.000,2.6,25.2,13.5,21.8,0.0,2.9,13.3,17.9,99,100,-2.7"
685,"1,Tobias Harris,29:37,,,,,,,,,,,,,,,,,,,,,.688,.688,.313,.000,3.1,13.2,7.9,10.9,0.0,0.0,5.9,23.9,127,105,4.7"
686,"2,Seth Curry,25:34,,,,,,,,,,,,,,,,,,,,,.739,.714,.286,.143,0.0,3.8,1.8,9.8,0.0,4.0,21.2,15.4,112,105,-2.3"
687,"3,Joel Embiid,24:54,,,,,,,,,,,,,,,,,,,,,.518,.400,.300,.800,3.6,39.3,20.8,20.1,3.8,12.3,6.9,24.3,116,82,10.7"
688,"4,Danny Green,22:53,,,,,,,,,,,,,,,,,,,,,.650,.650,.800,.000,7.9,17.1,12.3,17.7,2.1,0.0,9.1,20.0,127,100,7.7"
689,"5,Shake Milton,26:43,,,,,,,,,,,,,,,,,,,,,.406,.318,.545,.273,3.4,3.7,3.5,26.5,1.8,0.0,0.0,19.2,113,103,-1.4"
690,"6,Tyrese Maxey,21:13,,,,,,,,,,,,,,,,,,,,,.527,.500,.300,.100,0.0,9.2,4.4,12.2,2.2,0.0,0.0,20.5,115,101,0.0"
691,"7,Dwight Howard,17:31,,,,,,,,,,,,,,,,,,,,,.580,.667,.000,.667,31.0,39.1,34.9,7.8,0.0,0.0,27.9,25.6,102,99,-7.2"
692,"8,Matisse Thybulle,16:17,,,,,,,,,,,,,,,,,,,,,.400,.400,.600,.000,0.0,12.0,5.8,29.4,5.8,0.0,0.0,12.8,115,92,6.4"
693,"9,Vincent Poirier,5:35,,,,,,,,,,,,,,,,,,,,,.362,.000,.000,4.000,16.2,0.0,8.4,18.7,0.0,0.0,0.0,20.6,112,108,-5.6"
694,"10,Isaiah Joe,5:35,,,,,,,,,,,,,,,,,,,,,.000,.000,.500,.000,16.2,17.5,16.9,56.1,0.0,0.0,0.0,14.9,96,103,-8.1"
695,"11,Dakota Mathias,4:00,,,,,,,,,,,,,,,,,,,,,1.031,1.167,.333,.667,0.0,0.0,0.0,0.0,0.0,0.0,0.0,40.4,190,108,36.6"
696,"12,Terrance Ferguson,3:45,,,,,,,,,,,,,,,,,,,,,,,,,0.0,0.0,0.0,0.0,0.0,0.0,,0.0,0,108,-7.4"
697,"13,Paul Reed,1:24,,,,,,,,,,,,,,,,,,,,,1.000,1.000,.000,.000,0.0,0.0,0.0,0.0,0.0,0.0,0.0,29.8,200,106,10.0"
698,"14,Tony Bradley,240,,,,,,,,,,,,,,,,,,,,,.561,.542,.337,.242,26.4,83.7,53.9,73.9,6.9,10.6,8.7,100.0,116.6,99.8,"
699,"15,Team Totals,,,,,,,,,,,,,,,,,,,,,,,,,,,,,,,,,,,,"
700,"0,Furkan Korkmaz,37:50,5,14,.357,1,7,.143,2,2,1.000,1,4,5,2,2,0,2,1,13,-3,2/4/2021,,,,,,,,,,,,,,,"
701,"1,Joel Embiid,33:32,14,21,.667,0,1,.000,9,9,1.000,1,4,5,1,1,1,5,1,37,-23,2/4/2021,,,,,,,,,,,,,,,"
702,"2,Tobias Harris,32:32,5,14,.357,0,2,.000,2,2,1.000,2,9,11,5,0,0,3,3,12,-26,2/4/2021,,,,,,,,,,,,,,,"
703,"3,Danny Green,26:52,1,5,.200,1,5,.200,0,0,,2,3,5,1,0,0,1,1,3,-17,2/4/2021,,,,,,,,,,,,,,,"
704,"4,Seth Curry,12:05,0,1,.000,0,0,,0,0,,0,2,2,1,1,0,0,0,0,-1,2/4/2021,,,,,,,,,,,,,,,"
705,"5,Matisse Thybulle,25:32,1,3,.333,1,3,.333,0,0,,1,1,2,0,0,1,0,1,3,-15,2/4/2021,,,,,,,,,,,,,,,"
706,"6,Shake Milton,24:17,4,9,.444,0,2,.000,4,5,.800,1,0,1,4,0,0,1,1,12,-21,2/4/2021,,,,,,,,,,,,,,,"
707,"7,Tyrese Maxey,20:49,5,8,.625,2,4,.500,3,4,.750,0,2,2,4,1,0,2,3,15,-3,2/4/2021,,,,,,,,,,,,,,,"
708,"8,Dwight Howard,10:29,1,2,.500,0,0,,0,2,.000,0,2,2,1,1,0,3,4,2,-2,2/4/2021,,,,,,,,,,,,,,,"
709,"9,Isaiah Joe,8:14,2,3,.667,2,3,.667,0,0,,0,1,1,0,0,0,1,0,6,+9,2/4/2021,,,,,,,,,,,,,,,"
710,"10,Tony Bradley,3:54,1,1,1.000,0,0,,0,0,,0,0,0,0,0,0,0,0,2,+11,2/4/2021,,,,,,,,,,,,,,,"
711,"11,Vincent Poirier,3:54,0,0,,0,0,,0,0,,0,1,1,0,0,1,0,0,0,+11,2/4/2021,,,,,,,,,,,,,,,"
712,"12,Team Totals,240,39,81,.481,7,27,.259,20,24,.833,8,29,37,19,6,3,18,15,105,,2/4/2021,,,,,,,,,,,,,,,"
713,"0,Furkan Korkmaz,37:50,,,,,,,,,,,,,,,,,,,,,.437,.393,.500,.143,3.0,10.6,7.0,7.8,2.6,0.0,11.8,19.5,87,123,-6.0"
714,"1,Joel Embiid,33:32,,,,,,,,,,,,,,,,,,,,,.741,.667,.048,.429,3.4,11.9,8.0,7.5,1.5,2.1,16.7,39.1,122,123,7.2"
715,"2,Tobias Harris,32:32,,,,,,,,,,,,,,,,,,,,,.403,.357,.143,.143,7.0,27.7,18.0,23.3,0.0,0.0,16.8,24.1,87,120,-8.0"
716,"3,Danny Green,26:52,,,,,,,,,,,,,,,,,,,,,.300,.300,1.000,.000,8.5,11.2,9.9,4.8,0.0,0.0,16.7,9.8,78,128,-9.1"
717,"4,Seth Curry,12:05,,,,,,,,,,,,,,,,,,,,,.000,.000,.000,.000,0.0,16.6,8.8,10.2,4.1,0.0,0.0,3.6,52,116,-4.4"
718,"5,Matisse Thybulle,25:32,,,,,,,,,,,,,,,,,,,,,.500,.500,1.000,.000,4.5,3.9,4.2,0.0,0.0,2.8,0.0,5.1,116,130,-3.7"
719,"6,Shake Milton,24:17,,,,,,,,,,,,,,,,,,,,,.536,.444,.222,.556,4.7,0.0,2.2,25.4,0.0,0.0,8.2,22.0,117,134,-3.3"
720,"7,Tyrese Maxey,20:49,,,,,,,,,,,,,,,,,,,,,.768,.750,.500,.500,0.0,9.6,5.1,33.6,2.4,0.0,17.0,24.8,133,123,7.4"
721,"8,Dwight Howard,10:29,,,,,,,,,,,,,,,,,,,,,.347,.500,.000,1.000,0.0,19.1,10.2,13.3,4.7,0.0,51.0,24.6,39,113,-20.4"
722,"9,Isaiah Joe,8:14,,,,,,,,,,,,,,,,,,,,,1.000,1.000,1.000,.000,0.0,12.1,6.5,0.0,0.0,0.0,25.0,21.3,123,128,7.0"
723,"10,Tony Bradley,3:54,,,,,,,,,,,,,,,,,,,,,1.000,1.000,.000,.000,0.0,0.0,0.0,0.0,0.0,0.0,0.0,11.2,200,134,3.1"
724,"11,Vincent Poirier,3:54,,,,,,,,,,,,,,,,,,,,,,,,,0.0,25.6,13.7,0.0,0.0,18.4,,0.0,0,112,3.5"
725,"12,Team Totals,240,,,,,,,,,,,,,,,,,,,,,.573,.525,.333,.296,19.0,60.4,41.1,48.7,6.1,4.5,16.4,100.0,107.3,123.6,"
726,"0,Ben Simmons,37:54,6,12,.500,0,0,,5,6,.833,4,11,15,8,1,0,2,4,17,+18,1/6/2020,,,,,,,,,,,,,,,"
727,"1,Josh Richardson,36:53,9,17,.529,2,4,.500,3,4,.750,0,2,2,4,1,0,1,5,23,+4,1/6/2020,,,,,,,,,,,,,,,"
728,"2,Al Horford,34:08,6,10,.600,1,2,.500,0,0,,1,3,4,4,0,0,2,2,13,+2,1/6/2020,,,,,,,,,,,,,,,"
729,"3,Joel Embiid,32:37,7,17,.412,0,3,.000,4,5,.800,2,7,9,8,0,0,2,4,18,+4,1/6/2020,,,,,,,,,,,,,,,"
730,"4,Tobias Harris,22:08,7,11,.636,4,6,.667,0,0,,0,6,6,4,0,0,1,6,18,+6,1/6/2020,,,,,,,,,,,,,,,"
731,"5,James Ennis,21:45,2,7,.286,1,2,.500,0,0,,1,0,1,0,1,0,1,4,5,-2,1/6/2020,,,,,,,,,,,,,,,"
732,"6,Mike Scott,20:11,2,4,.500,2,3,.667,2,2,1.000,1,1,2,0,1,0,0,1,8,+6,1/6/2020,,,,,,,,,,,,,,,"
733,"7,Furkan Korkmaz,18:48,2,5,.400,1,3,.333,1,1,1.000,0,3,3,1,0,0,0,2,6,+1,1/6/2020,,,,,,,,,,,,,,,"
734,"8,Trey Burke,15:36,5,7,.714,2,3,.667,0,0,,0,0,0,2,0,0,1,0,12,-4,1/6/2020,,,,,,,,,,,,,,,"
735,"9,Raul Neto,240,46,90,.511,13,26,.500,15,18,.833,9,33,42,31,4,0,10,28,120,,1/6/2020,,,,,,,,,,,,,,,"
736,"10,Jonah Bolden,1/6/2020,Shake Milton,1/6/2020,Kyle O'Quinn,1/6/2020,Team Totals,1/6/2020,,,,,,,,,,,,,,,,,,,,,,,,,,,,,"
737,"0,Ben Simmons,37:54,,,,,,,,,,,,,,,,,,,,,.581,.500,.000,.500,12.1,29.6,21.3,26.4,1.3,0.0,12.0,19.5,132,109,3.6"
738,"1,Josh Richardson,36:53,,,,,,,,,,,,,,,,,,,,,.613,.588,.235,.235,0.0,5.5,2.9,15.2,1.3,0.0,5.1,23.8,123,118,0.7"
739,"2,Al Horford,34:08,,,,,,,,,,,,,,,,,,,,,.650,.650,.200,.000,3.3,9.0,6.3,15.0,0.0,0.0,16.7,15.6,118,120,-0.5"
740,"3,Joel Embiid,32:37,,,,,,,,,,,,,,,,,,,,,.469,.412,.176,.294,7.0,21.9,14.9,33.0,0.0,0.0,9.4,28.9,110,115,1.3"
741,"4,Tobias Harris,22:08,,,,,,,,,,,,,,,,,,,,,.818,.818,.545,.000,0.0,27.7,14.6,28.1,0.0,0.0,8.3,24.1,146,112,12.2"
742,"5,James Ennis,21:45,,,,,,,,,,,,,,,,,,,,,.357,.357,.286,.000,5.3,0.0,2.5,0.0,2.3,0.0,12.5,16.4,72,118,-11.8"
743,"6,Mike Scott,20:11,,,,,,,,,,,,,,,,,,,,,.820,.750,.750,.500,5.7,5.1,5.3,0.0,2.4,0.0,0.0,10.8,168,116,5.3"
744,"7,Furkan Korkmaz,18:48,,,,,,,,,,,,,,,,,,,,,.551,.500,.600,.200,0.0,16.3,8.6,6.2,0.0,0.0,0.0,12.9,120,117,-3.5"
745,"8,Trey Burke,15:36,,,,,,,,,,,,,,,,,,,,,.857,.857,.429,.000,0.0,0.0,0.0,20.1,0.0,0.0,12.5,22.8,140,123,9.4"
746,"9,Raul Neto,240,,,,,,,,,,,,,,,,,,,,,.613,.583,.289,.200,21.4,70.2,47.2,67.4,4.1,0.0,9.3,100.0,123.1,116.0,"
747,"10,Jonah Bolden,Shake Milton,,,,,,,,,,,,,,,,,,,,,Kyle O'Quinn,Team Totals,,,,,,,,,,,,,"
748,"0,Tobias Harris,40:38,8,16,.500,3,7,.429,0,2,.000,0,7,7,3,0,0,2,2,19,+7,1/6/2021,,,,,,,,,,,,,,,"
749,"1,Joel Embiid,36:36,11,20,.550,3,4,.750,13,13,1.000,0,8,8,5,3,3,5,1,38,+14,1/6/2021,,,,,,,,,,,,,,,"
750,"2,Seth Curry,36:18,11,14,.786,6,7,.857,0,0,,0,5,5,3,0,0,1,1,28,+16,1/6/2021,,,,,,,,,,,,,,,"
751,"3,Ben Simmons,35:43,7,9,.778,0,0,,3,6,.500,0,6,6,12,2,0,3,5,17,+6,1/6/2021,,,,,,,,,,,,,,,"
752,"4,Danny Green,30:18,5,10,.500,5,8,.625,0,0,,1,2,3,5,2,0,1,3,15,+14,1/6/2021,,,,,,,,,,,,,,,"
753,"5,Shake Milton,19:59,6,9,.667,1,3,.333,6,8,.750,0,0,0,3,1,0,4,3,19,-5,1/6/2021,,,,,,,,,,,,,,,"
754,"6,Matisse Thybulle,17:47,1,2,.500,0,0,,0,0,,0,0,0,1,1,1,0,3,2,-9,1/6/2021,,,,,,,,,,,,,,,"
755,"7,Dwight Howard,11:24,0,0,,0,0,,1,4,.250,0,4,4,0,0,2,0,2,1,-9,1/6/2021,,,,,,,,,,,,,,,"
756,"8,Tyrese Maxey,10:59,1,1,1.000,0,0,,0,0,,0,2,2,1,0,0,0,1,2,-9,1/6/2021,,,,,,,,,,,,,,,"
757,"9,Terrance Ferguson,0:18,0,0,,0,0,,0,0,,0,0,0,0,0,0,0,0,0,0,1/6/2021,,,,,,,,,,,,,,,"
758,"10,Paul Reed,240,50,81,.617,18,29,.621,23,33,.697,1,34,35,33,9,6,16,21,141,,1/6/2021,,,,,,,,,,,,,,,"
759,"11,Dakota Mathias,1/6/2021,Isaiah Joe,1/6/2021,Tony Bradley,1/6/2021,Vincent Poirier,1/6/2021,Team Totals,1/6/2021,,,,,,,,,,,,,,,,,,,,,,,,,,,"
760,"0,Tobias Harris,40:38,,,,,,,,,,,,,,,,,,,,,.563,.594,.438,.125,0.0,19.2,11.8,8.7,0.0,0.0,10.6,20.0,98,129,-7.1"
761,"1,Joel Embiid,36:36,,,,,,,,,,,,,,,,,,,,,.739,.625,.200,.650,0.0,24.4,15.0,18.4,3.6,6.9,16.3,36.1,126,115,8.1"
762,"2,Seth Curry,36:18,,,,,,,,,,,,,,,,,,,,,1.000,1.000,.500,.000,0.0,15.4,9.4,11.2,0.0,0.0,6.7,17.8,169,130,6.8"
763,"3,Ben Simmons,35:43,,,,,,,,,,,,,,,,,,,,,.730,.778,.000,.667,0.0,18.8,11.5,39.7,2.4,0.0,20.5,17.6,143,123,4.4"
764,"4,Danny Green,30:18,,,,,,,,,,,,,,,,,,,,,.750,.750,.800,.000,5.9,7.4,6.8,18.8,2.9,0.0,9.1,15.6,140,124,5.5"
765,"5,Shake Milton,19:59,,,,,,,,,,,,,,,,,,,,,.759,.722,.333,.889,0.0,0.0,0.0,20.2,2.2,0.0,24.2,35.6,116,127,-4.6"
766,"6,Matisse Thybulle,17:47,,,,,,,,,,,,,,,,,,,,,.500,.500,.000,.000,0.0,0.0,0.0,5.7,2.5,4.7,0.0,4.8,117,123,-2.1"
767,"7,Dwight Howard,11:24,,,,,,,,,,,,,,,,,,,,,.284,,,,0.0,39.2,24.1,0.0,0.0,14.8,0.0,6.6,62,114,-5.4"
768,"8,Tyrese Maxey,10:59,,,,,,,,,,,,,,,,,,,,,1.000,1.000,.000,.000,0.0,20.3,12.5,9.6,0.0,0.0,0.0,3.9,213,128,-1.5"
769,"9,Terrance Ferguson,0:18,,,,,,,,,,,,,,,,,,,,,,,,,0.0,0.0,0.0,0.0,0.0,0.0,,0.0,0,132,-5.4"
770,"10,Vincent Poirier,240,,,,,,,,,,,,,,,,,,,,,.738,.728,.358,.407,3.7,79.1,50.0,66.0,8.2,10.5,14.3,100.0,128.5,123.9,"
771,"11,Paul Reed,Dakota Mathias,,,,,,,,,,,,,,,,,,,,,Isaiah Joe,Tony Bradley,Team Totals,,,,,,,,,,,,"
772,"0,Ben Simmons,34:38,7,10,.700,0,0,,2,2,1.000,3,9,12,8,3,0,6,4,16,+14,2/6/2021,,,,,,,,,,,,,,,"
773,"1,Tobias Harris,31:46,10,16,.625,0,1,.000,1,1,1.000,4,8,12,6,2,1,2,2,21,+6,2/6/2021,,,,,,,,,,,,,,,"
774,"2,Joel Embiid,31:04,10,21,.476,1,7,.143,12,14,.857,2,7,9,3,3,0,5,2,33,+17,2/6/2021,,,,,,,,,,,,,,,"
775,"3,Seth Curry,26:41,4,11,.364,2,3,.667,1,1,1.000,1,1,2,4,1,1,0,0,11,-6,2/6/2021,,,,,,,,,,,,,,,"
776,"4,Danny Green,26:10,4,8,.500,3,7,.429,0,0,,0,3,3,0,0,0,1,0,11,+14,2/6/2021,,,,,,,,,,,,,,,"
777,"5,Shake Milton,26:57,6,13,.462,1,3,.333,2,2,1.000,2,2,4,3,0,0,0,0,15,+2,2/6/2021,,,,,,,,,,,,,,,"
778,"6,Furkan Korkmaz,22:58,5,11,.455,3,6,.500,0,0,,1,2,3,1,0,0,0,2,13,+16,2/6/2021,,,,,,,,,,,,,,,"
779,"7,Matisse Thybulle,22:13,1,2,.500,0,0,,0,2,.000,0,3,3,2,3,2,0,3,2,+11,2/6/2021,,,,,,,,,,,,,,,"
780,"8,Dwight Howard,13:29,1,2,.500,0,0,,0,0,,0,2,2,0,0,0,1,1,2,-3,2/6/2021,,,,,,,,,,,,,,,"
781,"9,Tyrese Maxey,2:43,0,0,,0,0,,0,0,,0,1,1,0,0,0,0,1,0,+6,2/6/2021,,,,,,,,,,,,,,,"
782,"10,Isaiah Joe,1:21,0,0,,0,0,,0,0,,0,0,0,0,0,0,0,0,0,+3,2/6/2021,,,,,,,,,,,,,,,"
783,"11,Vincent Poirier,240,48,94,.511,10,27,.370,18,22,.818,13,38,51,27,12,4,15,15,124,,2/6/2021,,,,,,,,,,,,,,,"
784,"12,Tony Bradley,2/6/2021,Team Totals,2/6/2021,,,,,,,,,,,,,,,,,,,,,,,,,,,,,,,,,"
785,"0,Ben Simmons,34:38,,,,,,,,,,,,,,,,,,,,,.735,.700,.000,.200,10.7,27.1,19.6,29.0,4.1,0.0,35.5,19.7,114,101,2.9"
786,"1,Tobias Harris,31:46,,,,,,,,,,,,,,,,,,,,,.639,.625,.063,.063,15.5,26.3,21.3,27.6,3.0,3.2,10.8,23.5,135,101,9.7"
787,"2,Joel Embiid,31:04,,,,,,,,,,,,,,,,,,,,,.608,.500,.333,.667,7.9,23.5,16.4,14.2,4.5,0.0,15.5,41.9,116,100,5.1"
788,"3,Seth Curry,26:41,,,,,,,,,,,,,,,,,,,,,.481,.455,.273,.091,4.6,3.9,4.2,17.6,1.8,3.8,0.0,17.3,127,109,1.9"
789,"4,Danny Green,26:10,,,,,,,,,,,,,,,,,,,,,.688,.688,.875,.000,0.0,12.0,6.5,0.0,0.0,0.0,11.1,13.9,123,114,-2.5"
790,"5,Shake Milton,26:57,,,,,,,,,,,,,,,,,,,,,.540,.500,.231,.154,9.1,7.7,8.4,14.3,0.0,0.0,0.0,20.8,134,115,-0.9"
791,"6,Furkan Korkmaz,22:58,,,,,,,,,,,,,,,,,,,,,.591,.591,.545,.000,5.4,9.1,7.4,5.6,0.0,0.0,0.0,19.4,135,114,-1.1"
792,"7,Matisse Thybulle,22:13,,,,,,,,,,,,,,,,,,,,,.347,.500,.000,1.000,0.0,14.1,7.6,9.4,6.4,9.2,0.0,5.2,100,92,5.7"
793,"8,Dwight Howard,13:29,,,,,,,,,,,,,,,,,,,,,.500,.500,.000,.000,0.0,15.5,8.4,0.0,0.0,0.0,33.3,9.0,65,113,-11.1"
794,"9,Tyrese Maxey,2:43,,,,,,,,,,,,,,,,,,,,,,,,,0.0,38.4,20.8,0.0,0.0,0.0,,0.0,0,108,-13.0"
795,"10,Isaiah Joe,1:21,,,,,,,,,,,,,,,,,,,,,,,,,0.0,0.0,0.0,0.0,0.0,0.0,,0.0,0,116,-8.1"
796,"11,Vincent Poirier,240,,,,,,,,,,,,,,,,,,,,,.598,.564,.287,.234,33.3,82.6,60.0,56.3,11.8,8.5,12.6,100.0,121.5,105.8,"
797,"12,Tony Bradley,Team Totals,,,,,,,,,,,,,,,,,,,,,,,,,,,,,,,,,,,"
798,"0,Ben Simmons,34:51,9,14,.643,0,0,,4,5,.800,0,4,4,10,3,1,7,3,22,+23,2/7/2020,,,,,,,,,,,,,,,"
799,"1,Tobias Harris,32:33,9,17,.529,3,4,.750,0,1,.000,0,6,6,5,0,2,0,1,21,+17,2/7/2020,,,,,,,,,,,,,,,"
800,"2,Al Horford,30:47,4,10,.400,2,5,.400,0,0,,0,8,8,6,1,1,0,3,10,+12,2/7/2020,,,,,,,,,,,,,,,"
801,"3,Shake Milton,21:41,1,7,.143,0,2,.000,0,0,,1,1,2,2,0,0,0,3,2,+12,2/7/2020,,,,,,,,,,,,,,,"
802,"4,Joel Embiid,15:52,3,6,.500,1,1,1.000,3,4,.750,3,7,10,3,2,1,3,2,10,+7,2/7/2020,,,,,,,,,,,,,,,"
803,"5,Matisse Thybulle,32:11,3,5,.600,0,2,.000,0,0,,0,1,1,2,1,2,1,4,6,-1,2/7/2020,,,,,,,,,,,,,,,"
804,"6,Furkan Korkmaz,28:46,13,17,.765,7,9,.778,1,3,.333,3,3,6,4,0,1,2,0,34,+15,2/7/2020,,,,,,,,,,,,,,,"
805,"7,Josh Richardson,14:57,2,7,.286,0,1,.000,0,0,,1,1,2,0,0,1,4,3,4,-3,2/7/2020,,,,,,,,,,,,,,,"
806,"8,Mike Scott,12:38,1,2,.500,1,1,1.000,0,0,,0,5,5,0,1,0,1,1,3,+1,2/7/2020,,,,,,,,,,,,,,,"
807,"9,Norvel Pelle,7:17,2,2,1.000,0,0,,1,2,.500,2,1,3,0,0,2,1,4,5,-5,2/7/2020,,,,,,,,,,,,,,,"
808,"10,Zhaire Smith,2:49,1,1,1.000,0,0,,0,0,,0,0,0,0,0,0,1,1,2,-6,2/7/2020,,,,,,,,,,,,,,,"
809,"11,Raul Neto,2:49,0,0,,0,0,,0,0,,0,1,1,1,0,0,0,0,0,-6,2/7/2020,,,,,,,,,,,,,,,"
810,"12,Marial Shayok,2:49,0,2,.000,0,0,,0,0,,0,2,2,1,0,0,0,0,0,-6,2/7/2020,,,,,,,,,,,,,,,"
811,"13,Team Totals,240,48,90,.533,14,25,.560,9,15,.600,10,40,50,34,8,11,20,25,119,,2/7/2020,,,,,,,,,,,,,,,"
812,"0,Ben Simmons,34:51,,,,,,,,,,,,,,,,,,,,,.679,.643,.000,.357,0.0,11.2,6.1,38.7,3.9,1.9,30.2,27.4,109,97,3.4"
813,"1,Tobias Harris,32:33,,,,,,,,,,,,,,,,,,,,,.602,.618,.235,.059,0.0,18.1,9.8,21.2,0.0,4.1,0.0,22.1,130,102,6.8"
814,"2,Al Horford,30:47,,,,,,,,,,,,,,,,,,,,,.500,.500,.500,.000,0.0,25.5,13.9,22.4,1.5,2.2,0.0,13.4,127,99,3.8"
815,"3,Shake Milton,21:41,,,,,,,,,,,,,,,,,,,,,.143,.143,.286,.000,5.4,4.5,4.9,9.7,0.0,0.0,0.0,13.3,63,109,-15.9"
816,"4,Joel Embiid,15:52,,,,,,,,,,,,,,,,,,,,,.644,.583,.167,.667,22.1,43.2,33.6,23.3,5.7,4.2,27.9,27.9,113,84,9.4"
817,"5,Matisse Thybulle,32:11,,,,,,,,,,,,,,,,,,,,,.600,.600,.400,.000,0.0,3.0,1.7,6.9,1.4,4.1,16.7,7.7,109,103,-2.1"
818,"6,Furkan Korkmaz,28:46,,,,,,,,,,,,,,,,,,,,,.928,.971,.529,.176,12.2,10.2,11.1,25.4,0.0,2.3,9.8,29.1,155,106,22.8"
819,"7,Josh Richardson,14:57,,,,,,,,,,,,,,,,,,,,,.286,.286,.143,.000,7.8,6.6,7.1,0.0,0.0,4.5,36.4,30.3,42,104,-25.9"
820,"8,Mike Scott,12:38,,,,,,,,,,,,,,,,,,,,,.750,.750,.500,.000,0.0,38.8,21.1,0.0,3.6,0.0,33.3,9.8,83,93,-0.4"
821,"9,Norvel Pelle,7:17,,,,,,,,,,,,,,,,,,,,,.868,1.000,.000,1.000,32.1,13.4,22.0,0.0,0.0,18.3,25.8,21.9,129,90,0.7"
822,"10,Zhaire Smith,2:49,,,,,,,,,,,,,,,,,,,,,1.000,1.000,.000,.000,0.0,0.0,0.0,0.0,0.0,0.0,50.0,29.2,64,110,-15.4"
823,"11,Marial Shayok,2:49,,,,,,,,,,,,,,,,,,,,,.000,.000,.000,.000,0.0,69.6,37.9,35.5,0.0,0.0,0.0,29.2,38,94,-18.7"
824,"12,Raul Neto,2:49,,,,,,,,,,,,,,,,,,,,,,,,,0.0,34.8,18.9,35.5,0.0,0.0,,0.0,229,102,3.5"
825,"13,Team Totals,240,,,,,,,,,,,,,,,,,,,,,.616,.611,.278,.167,24.4,81.6,55.6,70.8,7.5,15.3,17.2,100.0,111.4,100.2,"
826,"0,Tobias Harris,39:43,8,21,.381,2,5,.400,5,7,.714,6,9,15,4,0,0,2,4,23,+15,8/7/2020,,,,,,,,,,,,,,,"
827,"1,Joel Embiid,37:05,7,18,.389,0,2,.000,9,13,.692,2,11,13,1,0,0,2,4,23,+3,8/7/2020,,,,,,,,,,,,,,,"
828,"2,Josh Richardson,34:02,2,12,.167,1,5,.200,0,0,,0,0,0,1,1,0,0,2,5,+2,8/7/2020,,,,,,,,,,,,,,,"
829,"3,Al Horford,30:20,8,14,.571,1,3,.333,4,4,1.000,5,4,9,2,0,1,1,0,21,+4,8/7/2020,,,,,,,,,,,,,,,"
830,"4,Shake Milton,25:04,2,5,.400,0,2,.000,2,2,1.000,0,4,4,8,0,0,1,2,6,+2,8/7/2020,,,,,,,,,,,,,,,"
831,"5,Alec Burks,27:31,8,15,.533,3,7,.429,3,5,.600,1,3,4,2,0,0,1,3,22,+12,8/7/2020,,,,,,,,,,,,,,,"
832,"6,Matisse Thybulle,21:08,1,2,.500,0,1,.000,0,0,,1,1,2,1,2,2,1,1,2,0,8/7/2020,,,,,,,,,,,,,,,"
833,"7,Furkan Korkmaz,16:33,1,3,.333,1,2,.500,1,2,.500,0,1,1,0,0,1,0,3,4,-4,8/7/2020,,,,,,,,,,,,,,,"
834,"8,Mike Scott,8:34,1,3,.333,0,2,.000,0,0,,0,3,3,0,1,0,1,1,2,+1,8/7/2020,,,,,,,,,,,,,,,"
835,"9,Marial Shayok,240,38,93,.409,8,29,.276,24,33,.727,15,36,51,19,4,4,9,20,108,,8/7/2020,,,,,,,,,,,,,,,"
836,"10,Kyle O'Quinn,8/7/2020,Norvel Pelle,8/7/2020,Raul Neto,8/7/2020,Team Totals,8/7/2020,,,,,,,,,,,,,,,,,,,,,,,,,,,,,"
837,"0,Tobias Harris,39:43,,,,,,,,,,,,,,,,,,,,,.478,.429,.238,.333,13.9,23.6,18.5,17.1,0.0,0.0,7.7,27.1,110,106,1.8"
838,"1,Joel Embiid,37:05,,,,,,,,,,,,,,,,,,,,,.485,.389,.111,.722,5.0,31.0,17.2,4.5,0.0,0.0,7.8,28.6,102,104,-2.5"
839,"2,Josh Richardson,34:02,,,,,,,,,,,,,,,,,,,,,.208,.208,.417,.000,0.0,0.0,0.0,4.0,1.5,0.0,0.0,14.5,54,109,-11.3"
840,"3,Al Horford,30:20,,,,,,,,,,,,,,,,,,,,,.666,.607,.214,.286,15.2,13.8,14.5,12.5,0.0,2.8,6.0,22.8,141,107,11.4"
841,"4,Shake Milton,25:04,,,,,,,,,,,,,,,,,,,,,.510,.400,.400,.400,0.0,16.7,7.8,44.8,0.0,0.0,14.5,11.3,125,108,2.6"
842,"5,Alec Burks,27:31,,,,,,,,,,,,,,,,,,,,,.640,.633,.467,.333,3.4,11.4,7.1,14.5,0.0,0.0,5.5,27.2,128,109,7.7"
843,"6,Matisse Thybulle,21:08,,,,,,,,,,,,,,,,,,,,,.500,.500,.500,.000,4.4,4.9,4.6,6.4,4.7,8.1,33.3,5.8,90,95,5.5"
844,"7,Furkan Korkmaz,16:33,,,,,,,,,,,,,,,,,,,,,.515,.500,.667,.667,0.0,6.3,3.0,0.0,0.0,5.2,0.0,9.7,112,107,-3.7"
845,"8,Mike Scott,8:34,,,,,,,,,,,,,,,,,,,,,.333,.333,.667,.000,0.0,36.5,17.2,0.0,5.8,0.0,25.0,19.2,51,89,-7.7"
846,"9,Marial Shayok,240,,,,,,,,,,,,,,,,,,,,,.502,.452,.312,.355,28.8,78.3,52.0,50.0,4.1,7.1,7.7,100.0,111.7,104.5,"
847,"10,Kyle O'Quinn,Norvel Pelle,,,,,,,,,,,,,,,,,,,,,Raul Neto,Team Totals,,,,,,,,,,,,,"
848,"0,Ben Simmons,38:42,9,15,.600,0,0,,1,4,.250,2,7,9,3,1,0,3,1,19,+4,1/9/2020,,,,,,,,,,,,,,,"
849,"1,Tobias Harris,34:56,7,17,.412,2,5,.400,0,0,,0,7,7,3,2,0,1,1,16,+5,1/9/2020,,,,,,,,,,,,,,,"
850,"2,Josh Richardson,33:50,9,16,.563,1,5,.200,10,10,1.000,0,3,3,7,0,0,2,2,29,+15,1/9/2020,,,,,,,,,,,,,,,"
851,"3,Al Horford,32:15,7,11,.636,2,3,.667,1,3,.333,5,3,8,6,1,2,2,2,17,+19,1/9/2020,,,,,,,,,,,,,,,"
852,"4,Mike Scott,25:31,3,8,.375,1,3,.333,0,0,,2,2,4,1,0,0,0,0,7,+13,1/9/2020,,,,,,,,,,,,,,,"
853,"5,Matisse Thybulle,18:50,0,4,.000,0,2,.000,0,0,,3,2,5,2,0,0,1,1,0,+7,1/9/2020,,,,,,,,,,,,,,,"
854,"6,James Ennis,16:38,2,5,.400,2,3,.667,0,0,,0,2,2,0,2,0,1,1,6,-4,1/9/2020,,,,,,,,,,,,,,,"
855,"7,Furkan Korkmaz,14:15,3,6,.500,3,5,.600,0,0,,0,3,3,0,0,0,1,1,9,-3,1/9/2020,,,,,,,,,,,,,,,"
856,"8,Norvel Pelle,12:38,3,3,1.000,0,0,,0,0,,0,4,4,0,0,3,1,2,6,-1,1/9/2020,,,,,,,,,,,,,,,"
857,"9,Trey Burke,12:25,0,3,.000,0,1,.000,0,0,,1,2,3,2,0,0,0,0,0,0,1/9/2020,,,,,,,,,,,,,,,"
858,"10,Jonah Bolden,240,43,88,.489,11,27,.407,12,17,.706,13,35,48,24,6,5,12,11,109,,1/9/2020,,,,,,,,,,,,,,,"
859,"11,Kyle O'Quinn,1/9/2020,Raul Neto,1/9/2020,Team Totals,1/9/2020,,,,,,,,,,,,,,,,,,,,,,,,,,,,,,,"
860,"0,Ben Simmons,38:42,,,,,,,,,,,,,,,,,,,,,.567,.600,.000,.267,5.8,20.2,13.0,11.7,1.3,0.0,15.2,22.8,105,105,-1.6"
861,"1,Tobias Harris,34:56,,,,,,,,,,,,,,,,,,,,,.471,.471,.294,.000,0.0,22.4,11.2,12.3,2.9,0.0,5.6,23.0,103,101,0.6"
862,"2,Josh Richardson,33:50,,,,,,,,,,,,,,,,,,,,,.711,.594,.313,.625,0.0,9.9,4.9,32.8,0.0,0.0,8.9,29.6,147,111,10.1"
863,"3,Al Horford,32:15,,,,,,,,,,,,,,,,,,,,,.690,.727,.273,.273,17.3,10.4,13.8,27.4,1.6,5.7,14.0,19.8,139,102,13.5"
864,"4,Mike Scott,25:31,,,,,,,,,,,,,,,,,,,,,.438,.438,.375,.000,8.7,8.7,8.7,5.0,0.0,0.0,0.0,14.0,113,111,-3.2"
865,"5,Matisse Thybulle,18:50,,,,,,,,,,,,,,,,,,,,,.000,.000,.500,.000,17.8,11.9,14.8,11.9,0.0,0.0,20.0,11.9,63,110,-10.6"
866,"6,James Ennis,16:38,,,,,,,,,,,,,,,,,,,,,.600,.600,.600,.000,0.0,13.4,6.7,0.0,6.2,0.0,16.7,16.1,99,96,2.8"
867,"7,Furkan Korkmaz,14:15,,,,,,,,,,,,,,,,,,,,,.750,.750,.833,.000,0.0,23.5,11.8,0.0,0.0,0.0,14.3,21.9,120,108,3.9"
868,"8,Norvel Pelle,12:38,,,,,,,,,,,,,,,,,,,,,1.000,1.000,.000,.000,0.0,35.3,17.7,0.0,0.0,21.9,25.0,14.1,127,87,9.4"
869,"9,Trey Burke,12:25,,,,,,,,,,,,,,,,,,,,,.000,.000,.333,.000,9.0,18.0,13.5,18.0,0.0,0.0,0.0,10.8,65,109,-9.6"
870,"10,Jonah Bolden,240,,,,,,,,,,,,,,,,,,,,,.571,.551,.307,.193,30.2,81.4,55.8,55.8,6.4,9.6,11.2,100.0,116.3,104.5,"
871,"11,Kyle O'Quinn,Raul Neto,,,,,,,,,,,,,,,,,,,,,Team Totals,,,,,,,,,,,,,,"
872,"0,Isaiah Joe,44:51,4,18,.222,3,11,.273,2,2,1.000,2,2,4,2,1,0,1,1,13,-14,1/9/2021,,,,,,,,,,,,,,,"
873,"1,Tyrese Maxey,43:45,18,33,.545,3,8,.375,0,0,,1,6,7,6,2,0,2,3,39,-17,1/9/2021,,,,,,,,,,,,,,,"
874,"2,Dakota Mathias,41:03,5,13,.385,2,5,.400,0,1,.000,1,0,1,5,1,1,1,3,12,-17,1/9/2021,,,,,,,,,,,,,,,"
875,"3,Danny Green,36:10,4,17,.235,2,7,.286,1,3,.333,1,2,3,5,2,1,3,4,11,-13,1/9/2021,,,,,,,,,,,,,,,"
876,"4,Dwight Howard,23:35,4,6,.667,1,2,.500,2,2,1.000,4,7,11,2,0,0,4,5,11,-22,1/9/2021,,,,,,,,,,,,,,,"
877,"5,Paul Reed,26:11,3,9,.333,0,1,.000,0,0,,6,1,7,2,1,1,4,1,6,+13,1/9/2021,,,,,,,,,,,,,,,"
878,"6,Tony Bradley,24:25,5,7,.714,0,1,.000,1,2,.500,5,10,15,1,1,1,1,2,11,+10,1/9/2021,,,,,,,,,,,,,,,"
879,"7,Shake Milton,240,43,103,.417,11,35,.314,6,10,.600,20,28,48,23,8,4,16,19,103,,1/9/2021,,,,,,,,,,,,,,,"
880,"8,Furkan Korkmaz,1/9/2021,Matisse Thybulle,1/9/2021,Mike Scott,1/9/2021,Vincent Poirier,1/9/2021,Team Totals,1/9/2021,,,,,,,,,,,,,,,,,,,,,,,,,,,"
881,"0,Isaiah Joe,44:51,,,,,,,,,,,,,,,,,,,,,.344,.306,.611,.111,4.3,5.0,4.6,5.5,1.1,0.0,5.0,17.2,93,124,-9.0"
882,"1,Tyrese Maxey,43:45,,,,,,,,,,,,,,,,,,,,,.591,.591,.242,.000,2.2,15.3,8.3,28.3,2.3,0.0,5.7,31.1,130,118,8.3"
883,"2,Dakota Mathias,41:03,,,,,,,,,,,,,,,,,,,,,.446,.462,.385,.077,2.3,0.0,1.3,15.7,1.2,2.1,6.9,13.7,112,124,-4.2"
884,"3,Danny Green,36:10,,,,,,,,,,,,,,,,,,,,,.300,.294,.412,.176,2.7,6.2,4.3,17.6,2.7,2.3,14.1,22.9,76,118,-9.6"
885,"4,Dwight Howard,23:35,,,,,,,,,,,,,,,,,,,,,.799,.750,.333,.333,16.3,33.1,24.1,11.7,0.0,0.0,36.8,17.9,110,116,-4.2"
886,"5,Paul Reed,26:11,,,,,,,,,,,,,,,,,,,,,.333,.333,.111,.000,22.0,4.3,13.8,9.8,1.9,3.2,30.8,19.3,74,121,-10.1"
887,"6,Tony Bradley,24:25,,,,,,,,,,,,,,,,,,,,,.698,.714,.143,.286,19.7,45.7,31.7,5.9,2.0,3.4,11.3,14.1,139,106,4.9"
888,"7,Furkan Korkmaz,240,,,,,,,,,,,,,,,,,,,,,.480,.471,.340,.097,40.0,65.1,51.6,53.5,8.3,7.0,13.0,100.0,106.4,118.8,"
889,"8,Matisse Thybulle,Mike Scott,,,,,,,,,,,,,,,,,,,,,Vincent Poirier,Shake Milton,Team Totals,,,,,,,,,,,,"
890,"0,Ben Simmons,36:35,6,13,.462,0,0,,7,10,.700,3,7,10,10,4,0,7,3,19,-2,2/9/2020,,,,,,,,,,,,,,,"
891,"1,Joel Embiid,30:49,8,17,.471,1,3,.333,11,14,.786,6,6,12,5,3,4,4,4,28,-1,2/9/2020,,,,,,,,,,,,,,,"
892,"2,Tobias Harris,30:29,5,9,.556,2,2,1.000,2,2,1.000,0,3,3,4,0,0,1,2,14,-5,2/9/2020,,,,,,,,,,,,,,,"
893,"3,Al Horford,30:16,0,6,.000,0,2,.000,0,0,,1,6,7,2,0,2,0,2,0,-1,2/9/2020,,,,,,,,,,,,,,,"
894,"4,Shake Milton,13:07,2,5,.400,1,2,.500,0,0,,1,0,1,2,1,0,1,1,5,-7,2/9/2020,,,,,,,,,,,,,,,"
895,"5,Furkan Korkmaz,31:34,12,17,.706,6,11,.545,1,1,1.000,1,4,5,2,3,0,2,0,31,+14,2/9/2020,,,,,,,,,,,,,,,"
896,"6,Josh Richardson,19:08,1,2,.500,0,0,,1,4,.250,0,0,0,2,1,0,1,3,3,+9,2/9/2020,,,,,,,,,,,,,,,"
897,"7,Matisse Thybulle,18:08,2,5,.400,1,4,.250,1,1,1.000,1,0,1,1,0,0,0,2,6,+5,2/9/2020,,,,,,,,,,,,,,,"
898,"8,Mike Scott,17:43,1,4,.250,0,2,.000,0,0,,1,3,4,1,0,0,0,0,2,+12,2/9/2020,,,,,,,,,,,,,,,"
899,"9,Glenn Robinson,12:11,5,6,.833,0,1,.000,0,0,,1,0,1,0,0,0,0,1,10,+11,2/9/2020,,,,,,,,,,,,,,,"
900,"10,Alec Burks,240,42,84,.500,11,27,.407,23,32,.719,15,29,44,29,12,6,16,18,118,,2/9/2020,,,,,,,,,,,,,,,"
901,"11,Raul Neto,2/9/2020,Norvel Pelle,2/9/2020,Team Totals,2/9/2020,,,,,,,,,,,,,,,,,,,,,,,,,,,,,,,"
902,"0,Ben Simmons,36:35,,,,,,,,,,,,,,,,,,,,,.546,.462,.000,.769,9.2,21.4,15.3,38.4,5.4,0.0,28.7,28.1,103,106,0.6"
903,"1,Joel Embiid,30:49,,,,,,,,,,,,,,,,,,,,,.604,.500,.176,.824,21.7,21.7,21.7,26.4,4.8,11.1,14.7,37.1,125,101,11.2"
904,"2,Tobias Harris,30:29,,,,,,,,,,,,,,,,,,,,,.709,.667,.222,.222,0.0,11.0,5.5,18.5,0.0,0.0,9.2,15.0,143,122,0.5"
905,"3,Al Horford,30:16,,,,,,,,,,,,,,,,,,,,,.000,.000,.333,.000,3.7,22.1,12.9,7.6,0.0,5.7,0.0,8.3,42,115,-11.6"
906,"4,Shake Milton,13:07,,,,,,,,,,,,,,,,,,,,,.500,.500,.400,.000,8.5,0.0,4.3,21.1,3.8,0.0,16.7,19.2,108,117,-2.0"
907,"5,Furkan Korkmaz,31:34,,,,,,,,,,,,,,,,,,,,,.889,.882,.647,.059,3.5,14.1,8.8,12.8,4.7,0.0,10.3,25.9,151,110,18.6"
908,"6,Josh Richardson,19:08,,,,,,,,,,,,,,,,,,,,,.399,.500,.000,2.000,0.0,0.0,0.0,12.7,2.6,0.0,21.0,10.5,81,120,-9.9"
909,"7,Matisse Thybulle,18:08,,,,,,,,,,,,,,,,,,,,,.551,.500,.800,.200,6.2,0.0,3.1,7.2,0.0,0.0,0.0,12.6,137,126,-5.8"
910,"8,Mike Scott,17:43,,,,,,,,,,,,,,,,,,,,,.250,.250,.500,.000,6.3,18.9,12.6,6.9,0.0,0.0,0.0,9.5,89,119,-9.1"
911,"9,Glenn Robinson,12:11,,,,,,,,,,,,,,,,,,,,,.833,.833,.167,.000,9.2,0.0,4.6,0.0,0.0,0.0,0.0,20.7,168,126,4.3"
912,"10,Alec Burks,240,,,,,,,,,,,,,,,,,,,,,.602,.565,.321,.381,34.9,67.4,51.2,69.0,12.4,10.7,14.0,100.0,121.5,114.3,"
913,"11,Raul Neto,Norvel Pelle,,,,,,,,,,,,,,,,,,,,,Team Totals,,,,,,,,,,,,,,"
